row_index,label,seed
4,10,100
6,22,100
7,17,100
8,17,100
12,13,100
21,17,100
23,25,100
24,25,100
27,7,100
32,23,100
33,7,100
34,6,100
35,25,100
39,17,100
40,17,100
41,23,100
49,13,100
52,8,100
53,29,100
54,6,100
62,17,100
69,12,100
70,3,100
72,27,100
73,3,100
75,11,100
80,22,100
83,21,100
85,10,100
86,25,100
87,25,100
88,17,100
95,23,100
97,17,100
98,17,100
101,10,100
102,17,100
103,29,100
104,10,100
106,24,100
107,25,100
108,8,100
109,17,100
110,4,100
114,6,100
115,17,100
119,4,100
120,10,100
122,24,100
124,22,100
127,14,100
128,13,100
130,10,100
131,8,100
134,22,100
135,17,100
137,17,100
140,3,100
142,1,100
144,22,100
147,31,100
149,17,100
150,3,100
151,16,100
152,25,100
156,10,100
158,6,100
160,20,100
161,25,100
167,14,100
170,23,100
172,10,100
173,25,100
175,29,100
176,22,100
179,12,100
180,11,100
182,21,100
186,0,100
187,1,100
190,27,100
191,4,100
194,25,100
195,21,100
196,3,100
197,1,100
198,1,100
199,7,100
202,25,100
208,15,100
210,17,100
212,19,100
216,1,100
219,25,100
221,4,100
222,17,100
223,17,100
224,3,100
225,15,100
226,1,100
231,4,100
237,14,100
239,10,100
241,11,100
242,25,100
245,3,100
248,21,100
249,25,100
250,21,100
251,25,100
253,3,100
256,15,100
259,10,100
261,25,100
262,25,100
264,25,100
265,10,100
266,25,100
267,25,100
268,25,100
269,25,100
270,1,100
271,23,100
272,12,100
273,1,100
274,25,100
277,23,100
278,21,100
279,25,100
280,31,100
283,0,100
285,19,100
288,22,100
291,8,100
292,6,100
293,10,100
295,10,100
297,25,100
300,10,100
304,23,100
305,7,100
309,11,100
312,14,100
313,11,100
314,10,100
321,8,100
323,19,100
325,21,100
326,0,100
328,27,100
330,16,100
331,21,100
332,25,100
333,25,100
335,12,100
341,0,100
342,18,100
344,25,100
345,10,100
347,3,100
351,22,100
353,4,100
354,4,100
355,17,100
356,6,100
359,29,100
362,22,100
365,10,100
369,22,100
373,15,100
374,0,100
375,2,100
378,20,100
379,25,100
380,16,100
381,6,100
383,10,100
385,15,100
394,10,100
396,3,100
398,10,100
399,25,100
400,23,100
401,29,100
402,13,100
406,10,100
407,29,100
410,23,100
414,25,100
416,26,100
417,10,100
419,3,100
421,19,100
422,22,100
423,27,100
428,23,100
429,1,100
430,10,100
431,6,100
433,4,100
435,17,100
436,10,100
437,29,100
439,4,100
441,24,100
444,11,100
446,12,100
447,21,100
448,12,100
450,25,100
452,20,100
454,0,100
456,15,100
457,27,100
458,25,100
460,12,100
462,25,100
466,15,100
467,3,100
469,17,100
470,14,100
471,25,100
472,10,100
473,10,100
474,22,100
475,22,100
476,14,100
477,31,100
478,1,100
481,21,100
482,29,100
483,22,100
484,14,100
487,3,100
488,21,100
489,31,100
491,31,100
494,31,100
499,28,100
501,1,100
502,23,100
504,14,100
505,12,100
506,31,100
508,19,100
510,16,100
512,25,100
516,10,100
519,19,100
520,3,100
522,7,100
524,25,100
525,10,100
529,11,100
532,31,100
536,27,100
539,6,100
541,25,100
542,12,100
543,4,100
545,28,100
548,24,100
549,1,100
550,14,100
554,20,100
556,22,100
561,28,100
562,25,100
563,20,100
564,6,100
568,0,100
572,25,100
573,8,100
574,8,100
575,29,100
578,21,100
581,1,100
582,25,100
585,25,100
586,30,100
588,30,100
590,30,100
592,30,100
593,30,100
598,30,100
600,30,100
601,30,100
602,30,100
604,30,100
611,29,100
612,29,100
614,13,100
616,21,100
618,0,100
622,27,100
624,4,100
625,29,100
627,30,100
628,23,100
629,3,100
630,30,100
631,23,100
632,30,100
640,28,100
642,13,100
643,28,100
644,4,100
646,23,100
647,28,100
651,4,100
652,4,100
653,11,100
655,0,100
659,15,100
662,30,100
664,16,100
665,10,100
666,25,100
669,30,100
672,13,100
673,15,100
674,14,100
675,20,100
676,23,100
677,20,100
679,18,100
680,23,100
681,8,100
685,10,100
686,13,100
687,13,100
688,21,100
689,23,100
690,11,100
695,3,100
696,0,100
697,3,100
698,25,100
700,25,100
701,3,100
702,16,100
703,12,100
708,13,100
709,4,100
711,22,100
712,3,100
713,4,100
716,18,100
718,5,100
720,8,100
724,29,100
725,15,100
726,4,100
729,3,100
730,3,100
732,3,100
736,10,100
738,4,100
745,0,100
748,19,100
749,3,100
751,25,100
752,29,100
754,4,100
756,5,100
758,25,100
759,2,100
762,25,100
763,28,100
766,18,100
771,8,100
772,25,100
773,1,100
774,12,100
775,4,100
776,15,100
777,15,100
779,18,100
780,18,100
782,18,100
784,29,100
788,20,100
790,31,100
793,18,100
795,4,100
800,29,100
802,10,100
803,18,100
804,4,100
807,15,100
808,29,100
809,15,100
811,29,100
812,18,100
816,14,100
820,25,100
821,29,100
822,20,100
828,18,100
829,18,100
831,18,100
833,21,100
836,18,100
838,15,100
839,4,100
842,18,100
843,18,100
845,18,100
848,18,100
849,1,100
851,18,100
852,10,100
853,9,100
856,11,100
862,21,100
866,13,100
867,13,100
870,12,100
871,25,100
872,1,100
873,25,100
874,18,100
875,1,100
876,13,100
878,29,100
879,12,100
880,7,100
883,18,100
884,18,100
885,18,100
886,9,100
890,5,100
892,18,100
895,20,100
896,24,100
897,26,100
898,7,100
902,20,100
904,1,100
905,13,100
906,29,100
911,18,100
913,11,100
914,18,100
915,18,100
920,29,100
921,19,100
923,1,100
926,31,100
928,18,100
930,18,100
931,14,100
933,4,100
934,4,100
935,4,100
936,19,100
938,17,100
940,17,100
942,6,100
943,25,100
945,31,100
948,6,100
949,4,100
951,6,100
953,25,100
954,19,100
955,17,100
957,17,100
959,10,100
960,24,100
962,19,100
963,25,100
964,21,100
965,7,100
966,0,100
967,21,100
970,29,100
971,21,100
976,24,100
978,26,100
979,21,100
980,24,100
985,31,100
986,22,100
988,24,100
989,28,100
994,22,100
995,20,100
996,0,100
998,7,100
999,29,100
1000,31,100
1001,27,100
1002,31,100
1003,16,100
1005,3,100
1012,5,100
1013,24,100
1018,8,100
1019,28,100
1020,17,100
1021,26,100
1022,6,100
1024,21,100
1025,25,100
1028,31,100
1029,19,100
1030,0,100
1031,1,100
1032,7,100
1033,15,100
1034,27,100
1035,0,100
1036,16,100
1038,17,100
1039,8,100
1040,15,100
1041,4,100
1043,8,100
1045,8,100
1048,31,100
1050,19,100
1053,8,100
1054,8,100
1057,14,100
1059,31,100
1060,17,100
1061,8,100
1064,17,100
1065,25,100
1068,21,100
1070,19,100
1072,7,100
1075,0,100
1077,25,100
1078,8,100
1081,6,100
1087,31,100
1088,8,100
1090,1,100
1091,14,100
1092,25,100
1096,8,100
1097,24,100
1098,20,100
1099,8,100
1101,4,100
1106,20,100
1108,19,100
1114,0,100
1116,19,100
1117,10,100
1118,14,100
1121,25,100
1122,15,100
1123,31,100
1124,2,100
1126,17,100
1127,25,100
1131,29,100
1137,26,100
1138,29,100
1139,1,100
1141,5,100
1146,1,100
1148,25,100
1152,10,100
1154,24,100
1155,6,100
1162,27,100
1163,27,100
1164,13,100
1165,22,100
1166,15,100
1167,29,100
1169,5,100
1170,24,100
1171,29,100
1173,10,100
1174,5,100
1175,5,100
1176,5,100
1179,5,100
1180,5,100
1181,5,100
1182,13,100
1185,1,100
1186,5,100
1187,17,100
1189,21,100
1190,14,100
1192,21,100
1193,24,100
1194,5,100
1196,29,100
1197,0,100
1199,1,100
1200,29,100
1202,1,100
1203,28,100
1205,29,100
1213,21,100
1215,5,100
1216,5,100
1217,26,100
1219,28,100
1220,21,100
1221,25,100
1222,24,100
1224,21,100
1226,1,100
1227,0,100
1228,31,100
1230,22,100
1232,7,100
1235,1,100
1241,16,100
1246,31,100
1247,10,100
1248,0,100
1250,16,100
1253,25,100
1255,2,100
1256,19,100
1257,27,100
1260,25,100
1261,0,100
1262,25,100
1266,0,100
1270,16,100
1272,14,100
1274,19,100
1275,0,100
1276,27,100
1277,16,100
1278,25,100
1281,25,100
1282,0,100
1285,25,100
1288,25,100
1289,25,100
1290,5,100
1291,25,100
1292,25,100
1295,25,100
1296,25,100
1297,25,100
1298,25,100
1300,25,100
1302,14,100
1305,14,100
1308,14,100
1309,10,100
1311,21,100
1314,5,100
1315,21,100
1317,7,100
1318,1,100
1319,10,100
1322,25,100
1323,2,100
1325,5,100
1326,3,100
1327,21,100
1328,1,100
1330,28,100
1332,6,100
1334,20,100
1340,12,100
1343,12,100
1346,27,100
1347,26,100
1348,10,100
1349,20,100
1350,22,100
1351,13,100
1356,20,100
1357,31,100
1361,22,100
1362,14,100
1364,22,100
1366,4,100
1368,17,100
1370,10,100
1371,24,100
1372,10,100
1373,6,100
1380,6,100
1384,2,100
1385,11,100
1386,28,100
1387,6,100
1388,6,100
1389,24,100
1390,5,100
1392,19,100
1393,1,100
1394,24,100
1397,8,100
1399,6,100
1400,6,100
1402,21,100
1404,0,100
1406,19,100
1409,14,100
1410,10,100
1413,25,100
1414,5,100
1418,4,100
1419,17,100
1422,13,100
1424,6,100
1427,6,100
1428,5,100
1430,8,100
1433,31,100
1434,20,100
1437,1,100
1438,1,100
1441,19,100
1442,10,100
1443,21,100
1444,24,100
1445,19,100
1447,5,100
1448,20,100
1449,19,100
1452,19,100
1453,19,100
1456,19,100
1457,19,100
1458,19,100
1463,19,100
1464,19,100
1465,26,100
1469,19,100
1470,2,100
1472,2,100
1477,25,100
1478,20,100
1479,2,100
1480,2,100
1482,20,100
1483,4,100
1484,12,100
1485,14,100
1486,2,100
1489,0,100
1490,19,100
1491,25,100
1498,22,100
1499,0,100
1500,14,100
1501,25,100
1503,1,100
1506,26,100
1507,5,100
1512,20,100
1513,2,100
1517,5,100
1518,25,100
1519,0,100
1520,2,100
1522,4,100
1523,17,100
1529,19,100
1531,11,100
1534,19,100
1536,19,100
1540,11,100
1543,11,100
1546,26,100
1549,19,100
1550,19,100
1551,19,100
1554,19,100
1556,19,100
1557,11,100
1558,14,100
1563,11,100
1566,15,100
1568,29,100
1570,5,100
1572,14,100
1574,10,100
1575,6,100
1576,13,100
1578,5,100
1579,5,100
1580,10,100
1581,19,100
1583,8,100
1584,17,100
1586,7,100
1588,5,100
1590,5,100
1592,5,100
1594,5,100
1598,1,100
1599,5,100
1602,5,100
1603,5,100
1604,29,100
1606,24,100
1608,17,100
1612,5,100
1618,5,100
1621,14,100
1623,13,100
1624,13,100
1627,5,100
1632,5,100
1633,5,100
1638,28,100
1639,5,100
1640,13,100
1641,5,100
1644,5,100
1647,5,100
1653,5,100
1654,13,100
1655,11,100
1661,19,100
1664,17,100
1666,6,100
1668,23,100
1670,11,100
1671,4,100
1675,25,100
1678,19,100
1679,15,100
1681,0,100
1682,15,100
1683,20,100
1684,27,100
1685,16,100
1689,19,100
1692,14,100
1696,19,100
1697,7,100
1698,7,100
1699,25,100
1709,14,100
1710,20,100
1714,1,100
1715,25,100
1717,12,100
1718,23,100
1720,25,100
1721,3,100
1723,14,100
1726,20,100
1727,25,100
1728,12,100
1731,24,100
1734,10,100
1735,13,100
1736,24,100
1738,14,100
1739,0,100
1741,22,100
1742,27,100
1743,18,100
1744,25,100
1747,25,100
1748,14,100
1749,3,100
1751,14,100
1752,23,100
1758,25,100
1760,4,100
1761,21,100
1762,21,100
1763,14,100
1764,28,100
1768,25,100
1773,23,100
1784,28,100
1786,22,100
1787,0,100
1788,31,100
1791,19,100
1792,14,100
1793,20,100
1795,24,100
1798,14,100
1801,0,100
1804,14,100
1805,12,100
1807,16,100
1810,21,100
1811,28,100
1812,28,100
1815,22,100
1817,20,100
1818,28,100
1819,10,100
1820,8,100
1822,25,100
1824,13,100
1826,3,100
1827,17,100
1829,22,100
1830,0,100
1834,16,100
1836,14,100
1840,24,100
1841,28,100
1842,22,100
1846,11,100
1848,25,100
1850,19,100
1851,0,100
1852,0,100
1853,19,100
1854,27,100
1855,16,100
1856,25,100
1857,13,100
1858,14,100
1859,20,100
1860,22,100
1862,25,100
1863,11,100
1864,10,100
1866,15,100
1870,27,100
1871,16,100
1874,31,100
1876,11,100
1877,21,100
1878,11,100
1879,24,100
1880,14,100
1886,0,100
1888,31,100
1889,27,100
1890,8,100
1892,4,100
1897,1,100
1899,19,100
1900,22,100
1901,24,100
1910,25,100
1911,7,100
1913,22,100
1916,22,100
1918,20,100
1923,31,100
1926,10,100
1928,20,100
1931,6,100
1934,25,100
1938,4,100
1940,25,100
1941,22,100
1944,7,100
1945,18,100
1948,5,100
1955,31,100
1956,31,100
1957,3,100
1958,22,100
1960,5,100
1964,31,100
1965,7,100
1966,25,100
1967,22,100
1970,25,100
1972,13,100
1973,8,100
1975,14,100
1977,22,100
1978,20,100
1983,25,100
1985,22,100
1990,2,100
1991,21,100
1993,17,100
1994,19,100
1997,6,100
2000,0,100
2001,25,100
2004,1,100
2005,12,100
2006,21,100
2007,26,100
2008,21,100
2009,20,100
2010,10,100
2020,11,100
2021,13,100
2025,13,100
2028,27,100
2029,16,100
2030,1,100
2031,10,100
2032,8,100
2033,8,100
2034,8,100
2037,13,100
2038,26,100
2040,11,100
2044,25,100
2046,20,100
2047,24,100
2051,24,100
2054,25,100
2055,25,100
2058,12,100
2059,20,100
2060,14,100
2061,14,100
2062,22,100
2065,28,100
2069,31,100
2071,26,100
2072,13,100
2073,14,100
2077,25,100
2083,11,100
2084,18,100
2085,23,100
2086,20,100
2087,7,100
2088,22,100
2089,21,100
2092,22,100
2095,21,100
2097,22,100
2098,0,100
2099,21,100
2101,0,100
2102,15,100
2104,11,100
2107,25,100
2109,22,100
2110,21,100
2111,10,100
2113,0,100
2114,21,100
2115,25,100
2119,31,100
2121,27,100
2122,16,100
2125,1,100
2126,22,100
2129,18,100
2130,21,100
2131,1,100
2132,22,100
2133,21,100
2135,25,100
2138,28,100
2141,20,100
2142,6,100
2144,25,100
2145,24,100
2148,12,100
2150,31,100
2151,31,100
2152,3,100
2156,0,100
2157,25,100
2158,15,100
2161,15,100
2163,11,100
2165,12,100
2166,9,100
2167,14,100
2168,8,100
2171,1,100
2172,22,100
2173,19,100
2174,3,100
2180,27,100
2181,0,100
2182,16,100
2183,3,100
2185,13,100
2188,10,100
2189,12,100
2190,0,100
2191,25,100
2193,27,100
2195,15,100
2197,19,100
2206,1,100
2207,15,100
2210,8,100
2211,15,100
2212,0,100
2216,25,100
2217,26,100
2218,6,100
2220,15,100
2223,15,100
2225,15,100
2226,7,100
2227,10,100
2228,8,100
2229,22,100
2230,22,100
2231,25,100
2232,25,100
2233,12,100
2235,25,100
2236,25,100
2237,7,100
2238,18,100
2239,31,100
2240,22,100
2241,15,100
2242,0,100
2245,12,100
2247,12,100
2248,28,100
2249,9,100
2254,0,100
2255,15,100
2259,9,100
2262,9,100
2264,20,100
2265,18,100
2266,3,100
2267,18,100
2268,9,100
2269,15,100
2270,31,100
2271,31,100
2273,6,100
2276,18,100
2279,10,100
2280,8,100
2284,18,100
2285,9,100
2286,15,100
2287,1,100
2288,18,100
2290,30,100
2293,25,100
2295,22,100
2296,6,100
2298,9,100
2299,9,100
2300,18,100
2305,10,100
2306,9,100
2307,18,100
2308,15,100
2309,9,100
2310,18,100
2311,9,100
2312,15,100
2313,31,100
2314,18,100
2316,18,100
2317,19,100
2318,18,100
2320,18,100
2321,1,100
2322,22,100
2323,15,100
2324,21,100
2326,1,100
2327,14,100
2328,18,100
2329,18,100
2330,1,100
2331,12,100
2333,18,100
2334,0,100
2337,23,100
2338,30,100
2339,0,100
2341,14,100
2344,1,100
2346,24,100
2348,25,100
2349,5,100
2350,10,100
2351,1,100
2354,18,100
2357,25,100
2359,25,100
2360,18,100
2361,1,100
2362,1,100
2370,13,100
2371,14,100
2372,13,100
2373,12,100
2375,19,100
2376,18,100
2378,1,100
2381,13,100
2383,14,100
2385,13,100
2386,18,100
2388,19,100
2390,18,100
2391,25,100
2392,18,100
2394,21,100
2398,18,100
2399,18,100
2401,18,100
2403,18,100
2404,1,100
2406,1,100
2408,13,100
2409,18,100
2417,18,100
2423,4,100
2425,21,100
2427,18,100
2428,24,100
2430,14,100
2432,18,100
2436,18,100
2437,12,100
2439,6,100
2440,19,100
2441,11,100
2442,6,100
2444,15,100
2446,19,100
2447,6,100
2448,29,100
2449,20,100
2450,4,100
2463,19,100
2465,19,100
2468,29,100
2471,19,100
2474,18,100
2475,22,100
2476,14,100
2480,31,100
2481,17,100
2483,29,100
2490,13,100
2492,7,100
2493,31,100
2494,21,100
2495,18,100
2498,6,100
2499,19,100
2501,6,100
2502,6,100
2503,7,100
2504,25,100
2507,10,100
2508,20,100
2510,6,100
2511,28,100
2513,11,100
2514,11,100
2515,0,100
2516,21,100
2517,21,100
2518,27,100
2522,6,100
2524,24,100
2527,29,100
2528,6,100
2530,27,100
2531,16,100
2532,25,100
2533,19,100
2535,6,100
2538,19,100
2540,19,100
2541,0,100
2542,15,100
2544,15,100
2546,21,100
2547,25,100
2549,22,100
2550,14,100
2554,14,100
2556,27,100
2558,6,100
2562,27,100
2563,16,100
2564,6,100
2569,24,100
2570,31,100
2572,3,100
2574,16,100
2575,17,100
2576,19,100
2578,20,100
2579,4,100
2582,7,100
2584,0,100
2585,27,100
2586,16,100
2588,24,100
2592,0,100
2593,27,100
2601,27,100
2605,20,100
2608,11,100
2611,16,100
2615,27,100
2616,16,100
2617,8,100
2618,11,100
2619,22,100
2621,27,100
2622,16,100
2623,0,100
2625,16,100
2626,26,100
2629,27,100
2630,16,100
2633,21,100
2635,23,100
2636,12,100
2638,0,100
2641,0,100
2644,8,100
2645,21,100
2647,19,100
2648,11,100
2651,1,100
2652,12,100
2653,15,100
2656,19,100
2657,24,100
2658,24,100
2660,1,100
2662,19,100
2664,9,100
2667,9,100
2668,19,100
2672,9,100
2676,1,100
2677,1,100
2679,31,100
2680,15,100
2683,22,100
2685,13,100
2686,17,100
2687,4,100
2688,17,100
2691,8,100
2694,29,100
2699,4,100
2701,24,100
2702,7,100
2705,1,100
2706,13,100
2707,22,100
2709,14,100
2710,1,100
2712,7,100
2713,10,100
2715,22,100
2718,14,100
2721,17,100
2722,17,100
2724,17,100
2725,4,100
2726,8,100
2727,17,100
2729,4,100
2730,6,100
2731,2,100
2732,0,100
2734,22,100
2735,1,100
2737,3,100
2738,11,100
2740,16,100
2741,0,100
2742,1,100
2743,1,100
2744,25,100
2746,8,100
2750,26,100
2753,19,100
2755,12,100
2756,20,100
2757,1,100
2758,5,100
2761,22,100
2762,14,100
2764,12,100
2767,14,100
2769,19,100
2771,0,100
2772,26,100
2773,1,100
2776,11,100
2777,27,100
2778,16,100
2780,6,100
2782,14,100
2783,25,100
2784,24,100
2785,6,100
2787,7,100
2788,3,100
2789,20,100
2790,3,100
2791,3,100
2793,15,100
2796,3,100
2797,4,100
2803,14,100
2805,17,100
2807,14,100
2813,4,100
2814,22,100
2815,8,100
2818,22,100
2819,15,100
2820,26,100
2823,25,100
2824,20,100
2825,26,100
2826,3,100
2827,3,100
2828,22,100
2830,27,100
2831,17,100
2833,0,100
2836,1,100
2840,24,100
2842,24,100
2844,18,100
2849,3,100
2851,24,100
2852,14,100
2854,20,100
2855,7,100
2856,1,100
2857,31,100
2858,7,100
2863,1,100
2864,25,100
2865,0,100
2867,7,100
2868,11,100
2872,0,100
2873,12,100
2874,1,100
2875,24,100
2880,7,100
2885,28,100
2886,8,100
2888,7,100
2891,5,100
2893,21,100
2894,10,100
2898,24,100
2899,10,100
2901,6,100
2903,21,100
2905,26,100
2907,18,100
2909,0,100
2913,25,100
2914,25,100
2915,8,100
2916,12,100
2924,3,100
2926,11,100
2927,27,100
2930,25,100
2933,14,100
2935,22,100
2937,1,100
2941,3,100
2943,20,100
2945,25,100
2946,0,100
2947,3,100
2949,3,100
2950,3,100
2951,3,100
2952,3,100
2954,20,100
2955,4,100
2957,3,100
2958,3,100
2959,20,100
2960,31,100
2964,26,100
2965,24,100
2968,19,100
2969,13,100
2971,20,100
2973,29,100
2974,1,100
2975,1,100
2979,29,100
2980,18,100
2981,2,100
2982,12,100
2984,29,100
2990,21,100
2992,6,100
2995,13,100
2996,17,100
2997,14,100
2999,22,100
3000,20,100
3001,31,100
3002,25,100
3003,20,100
3007,28,100
3008,25,100
3010,1,100
3011,17,100
3012,25,100
3013,6,100
3014,6,100
3015,0,100
3016,17,100
3019,21,100
3021,19,100
3022,11,100
3023,3,100
3024,0,100
3025,27,100
3026,25,100
3027,18,100
3028,16,100
3029,4,100
3030,13,100
3031,31,100
3032,31,100
3035,31,100
3036,4,100
3037,15,100
3038,14,100
3040,26,100
3041,31,100
3047,17,100
3050,26,100
3053,17,100
3054,22,100
3056,3,100
3057,17,100
3059,0,100
3064,16,100
3066,24,100
3070,12,100
3071,17,100
3073,14,100
3074,31,100
3075,20,100
3076,10,100
3077,17,100
3080,8,100
3082,5,100
3083,23,100
3085,12,100
3087,5,100
3091,25,100
3094,31,100
3095,12,100
3096,22,100
3097,0,100
3099,31,100
3102,15,100
3104,27,100
3106,5,100
3108,6,100
3112,11,100
3115,17,100
3116,10,100
3117,20,100
3118,14,100
3120,4,100
3124,14,100
3125,19,100
3126,22,100
3128,12,100
3129,3,100
3130,1,100
3131,14,100
3132,6,100
3136,5,100
3137,4,100
3142,25,100
3146,29,100
3147,17,100
3149,10,100
3150,17,100
3151,7,100
3152,10,100
3153,19,100
3154,3,100
3156,17,100
3158,17,100
3161,15,100
3162,21,100
3166,17,100
3167,8,100
3168,17,100
3169,18,100
3170,22,100
3171,8,100
3172,31,100
3173,25,100
3175,19,100
3176,28,100
3179,26,100
3180,12,100
3181,15,100
3182,12,100
3183,26,100
3184,31,100
3186,28,100
3187,19,100
3189,8,100
3195,31,100
3198,31,100
3200,31,100
3202,25,100
3208,0,100
3209,25,100
3211,27,100
3214,24,100
3215,17,100
3218,28,100
3219,17,100
3220,1,100
3221,25,100
3222,26,100
3224,6,100
3227,24,100
3229,20,100
3231,6,100
3233,11,100
3235,20,100
3237,10,100
3238,7,100
3241,0,100
3242,29,100
3245,31,100
3248,22,100
3249,16,100
3251,24,100
3252,1,100
3253,26,100
3254,25,100
3256,25,100
3259,25,100
3263,7,100
3265,11,100
3269,5,100
3270,12,100
3272,5,100
3275,25,100
3276,23,100
3278,6,100
3279,30,100
3282,25,100
3283,4,100
3284,25,100
3288,13,100
3289,30,100
3292,6,100
3295,7,100
3297,31,100
3298,5,100
3299,7,100
3300,11,100
3301,16,100
3304,30,100
3306,29,100
3308,30,100
3309,6,100
3310,4,100
3313,23,100
3315,14,100
3319,30,100
3322,1,100
3325,8,100
3329,20,100
3330,14,100
3334,23,100
3335,22,100
3336,0,100
3337,31,100
3342,16,100
3344,23,100
3348,6,100
3350,30,100
3351,4,100
3354,12,100
3355,21,100
3357,10,100
3360,31,100
3361,12,100
3363,6,100
3365,23,100
3367,31,100
3368,25,100
3369,5,100
3370,30,100
3374,4,100
3375,8,100
3377,4,100
3378,22,100
3380,31,100
3381,31,100
3382,22,100
3383,0,100
3387,31,100
3388,20,100
3390,14,100
3393,26,100
3394,26,100
3395,22,100
3396,31,100
3398,31,100
3401,26,100
3402,8,100
3403,14,100
3406,22,100
3414,14,100
3416,10,100
3418,29,100
3419,8,100
3421,29,100
3422,11,100
3424,23,100
3425,7,100
3426,25,100
3427,13,100
3428,8,100
3429,22,100
3431,20,100
3432,5,100
3433,25,100
3434,25,100
3437,4,100
3441,0,100
3444,25,100
3445,27,100
3446,16,100
3451,2,100
3452,19,100
3455,15,100
3457,6,100
3461,10,100
3467,30,100
3473,22,100
3478,30,100
3482,6,100
3483,14,100
3489,23,100
3490,19,100
3493,3,100
3495,15,100
3496,22,100
3499,24,100
3502,20,100
3503,25,100
3504,3,100
3506,27,100
3507,16,100
3508,21,100
3509,25,100
3510,28,100
3511,10,100
3517,14,100
3519,28,100
3521,14,100
3522,25,100
3524,12,100
3528,31,100
3530,15,100
3533,22,100
3536,7,100
3537,15,100
3538,6,100
3540,25,100
3541,27,100
3542,6,100
3545,21,100
3548,22,100
3550,22,100
3551,12,100
3555,29,100
3556,22,100
3559,8,100
3563,21,100
3564,9,100
3565,25,100
3568,31,100
3570,31,100
3575,31,100
3580,20,100
3584,24,100
3585,21,100
3586,14,100
3587,15,100
3593,2,100
3594,31,100
3597,31,100
3601,12,100
3603,15,100
3605,0,100
3607,22,100
3609,3,100
3611,0,100
3613,15,100
3614,21,100
3615,10,100
3616,3,100
3617,18,100
3618,26,100
3619,14,100
3620,22,100
3623,7,100
3624,15,100
3627,14,100
3628,1,100
3629,29,100
3635,25,100
3636,20,100
3638,10,100
3644,31,100
3645,15,100
3647,14,100
3648,15,100
3649,1,100
3651,0,100
3653,10,100
3655,21,100
3656,21,100
3660,7,100
3661,28,100
3670,22,100
3673,0,100
3675,26,100
3676,31,100
3680,0,100
3689,19,100
3693,14,100
3694,3,100
3695,0,100
3697,13,100
3698,12,100
3699,29,100
3700,10,100
3701,15,100
3702,22,100
3707,12,100
3711,14,100
3713,25,100
3714,7,100
3715,22,100
3716,25,100
3719,1,100
3721,22,100
3723,7,100
3724,2,100
3725,14,100
3727,25,100
3731,9,100
3732,12,100
3733,3,100
3735,31,100
3737,12,100
3738,2,100
3740,1,100
3742,31,100
3746,18,100
3751,0,100
3752,13,100
3753,1,100
3757,18,100
3758,12,100
3761,12,100
3767,18,100
3776,12,100
3777,0,100
3778,24,100
3780,15,100
3785,15,100
3786,25,100
3787,18,100
3788,10,100
3789,1,100
3791,22,100
3792,12,100
3793,13,100
3795,18,100
3798,14,100
3799,18,100
3802,24,100
3803,14,100
3804,14,100
3805,6,100
3806,13,100
3807,31,100
3813,7,100
3815,18,100
3817,10,100
3821,9,100
3822,9,100
3826,7,100
3827,24,100
3829,9,100
3831,19,100
3833,18,100
3834,15,100
3835,24,100
3836,3,100
3840,9,100
3842,25,100
3844,18,100
3847,12,100
3848,25,100
3850,9,100
3853,12,100
3854,24,100
3855,18,100
3859,15,100
3860,18,100
3861,19,100
3862,8,100
3863,21,100
3865,9,100
3867,13,100
3871,31,100
3872,31,100
3873,31,100
3874,6,100
3882,25,100
3885,22,100
3886,1,100
3887,29,100
3891,31,100
3896,6,100
3897,29,100
3898,13,100
3899,13,100
3904,28,100
3906,13,100
3908,26,100
3910,12,100
3912,4,100
3913,7,100
3914,26,100
3915,7,100
3918,7,100
3919,19,100
3920,7,100
3921,31,100
3927,26,100
3928,24,100
3929,26,100
3930,19,100
3933,22,100
3935,28,100
3940,12,100
3942,18,100
3944,25,100
3946,18,100
3947,22,100
3948,20,100
3951,1,100
3953,18,100
3955,31,100
3957,23,100
3958,13,100
3962,1,100
3967,12,100
3968,31,100
3971,21,100
3976,31,100
3977,4,100
3978,31,100
3982,14,100
3988,13,100
3989,13,100
3990,13,100
3994,13,100
3995,13,100
3997,31,100
3999,31,100
4003,12,100
4004,25,100
4005,29,100
4007,19,100
4009,26,100
4012,31,100
4013,31,100
4016,25,100
4021,25,100
4022,31,100
4024,25,100
4026,9,100
4028,22,100
4031,18,100
4032,18,100
4034,25,100
4035,4,100
4036,18,100
4039,18,100
4040,15,100
4041,18,100
4043,18,100
4044,18,100
4045,29,100
4046,18,100
4048,15,100
4050,25,100
4051,26,100
4053,18,100
4057,25,100
4058,30,100
4059,30,100
4060,30,100
4063,25,100
4065,31,100
4066,4,100
4068,5,100
4070,25,100
4072,4,100
4074,5,100
4077,14,100
4079,15,100
4080,12,100
4081,20,100
4082,28,100
4084,19,100
4086,3,100
4087,29,100
4088,1,100
4091,24,100
4092,10,100
4093,17,100
4095,25,100
4097,31,100
4098,19,100
4103,3,100
4104,10,100
4105,4,100
4107,4,100
4108,10,100
4109,10,100
4116,25,100
4118,25,100
4124,29,100
4128,21,100
4129,5,100
4130,28,100
4139,5,100
4143,7,100
4144,21,100
4145,21,100
4148,14,100
4151,12,100
4154,28,100
4155,29,100
4157,24,100
4160,21,100
4162,26,100
4164,14,100
4166,28,100
4168,20,100
4169,19,100
4172,10,100
4175,6,100
4179,20,100
4181,19,100
4182,29,100
4183,20,100
4184,6,100
4185,28,100
4187,1,100
4189,20,100
4190,19,100
4191,6,100
4193,21,100
4195,16,100
4196,14,100
4197,10,100
4198,7,100
4199,16,100
4203,1,100
4204,20,100
4205,19,100
4207,19,100
4208,14,100
4209,19,100
4211,6,100
4212,15,100
4215,10,100
4219,24,100
4221,10,100
4227,6,100
4228,2,100
4229,2,100
4230,21,100
4232,29,100
4233,14,100
4238,1,100
4242,31,100
4243,29,100
4244,15,100
4245,6,100
4246,29,100
4248,29,100
4249,1,100
4250,28,100
4251,24,100
4252,5,100
4253,20,100
4256,2,100
4259,2,100
4264,5,100
4265,26,100
4267,22,100
4269,20,100
4272,29,100
4276,29,100
4278,20,100
4279,29,100
4280,25,100
4281,4,100
4282,2,100
4285,26,100
4287,7,100
4289,7,100
4292,31,100
4293,2,100
4295,23,100
4296,30,100
4299,25,100
4301,30,100
4303,19,100
4304,28,100
4305,27,100
4308,23,100
4309,30,100
4313,30,100
4315,14,100
4316,23,100
4319,30,100
4320,23,100
4323,29,100
4325,22,100
4326,15,100
4327,1,100
4328,6,100
4330,24,100
4336,22,100
4337,22,100
4338,14,100
4339,1,100
4341,10,100
4343,21,100
4345,20,100
4346,24,100
4347,31,100
4348,21,100
4354,17,100
4356,25,100
4361,19,100
4363,25,100
4364,19,100
4365,25,100
4366,25,100
4367,17,100
4371,19,100
4373,17,100
4374,17,100
4375,17,100
4376,25,100
4377,19,100
4380,17,100
4382,17,100
4384,19,100
4385,19,100
4387,19,100
4389,19,100
4390,19,100
4391,19,100
4392,19,100
4393,19,100
4394,19,100
4397,25,100
4399,19,100
4402,19,100
4404,19,100
4408,19,100
4411,19,100
4413,19,100
4416,19,100
4417,19,100
4419,19,100
4420,19,100
4421,19,100
4422,19,100
4427,10,100
4431,19,100
4440,12,100
4442,29,100
4443,24,100
4444,4,100
4446,10,100
4448,4,100
4449,29,100
4450,25,100
4451,10,100
4452,4,100
4456,10,100
4457,25,100
4460,4,100
4461,10,100
4463,6,100
4464,10,100
4465,19,100
4467,29,100
4468,13,100
4469,10,100
4472,14,100
4473,4,100
4475,1,100
4479,4,100
4484,4,100
4488,4,100
4491,13,100
4492,6,100
4495,24,100
4496,10,100
4497,10,100
4498,24,100
4500,13,100
4503,21,100
4505,4,100
4506,10,100
4508,13,100
4510,29,100
4511,4,100
4513,4,100
4514,4,100
4515,4,100
4517,21,100
4519,20,100
4523,21,100
4524,10,100
4525,4,100
4526,24,100
4528,10,100
4530,21,100
4536,21,100
4542,21,100
4543,31,100
4545,1,100
4549,25,100
4553,4,100
4557,19,100
4559,29,100
4560,4,100
4562,1,100
4563,14,100
4565,21,100
4568,10,100
4569,25,100
4571,23,100
4572,28,100
4573,6,100
4575,14,100
4577,28,100
4578,14,100
4579,31,100
4580,14,100
4584,13,100
4586,10,100
4587,10,100
4588,8,100
4591,29,100
4593,22,100
4594,10,100
4598,24,100
4599,19,100
4604,15,100
4605,10,100
4607,4,100
4608,10,100
4609,4,100
4612,4,100
4613,24,100
4614,4,100
4615,10,100
4618,4,100
4620,4,100
4623,18,100
4624,10,100
4625,25,100
4631,4,100
4634,11,100
4635,10,100
4636,20,100
4637,20,100
4639,22,100
4643,4,100
4644,10,100
4645,1,100
4647,1,100
4651,21,100
4653,31,100
4654,25,100
4656,24,100
4657,10,100
4658,14,100
4660,10,100
4663,25,100
4664,4,100
4665,6,100
4668,10,100
4669,31,100
4670,3,100
4672,10,100
4673,31,100
4674,14,100
4678,21,100
4679,24,100
4680,10,100
4684,0,100
4685,21,100
4688,4,100
4689,24,100
4690,21,100
4691,21,100
4692,21,100
4693,1,100
4699,24,100
4704,7,100
4706,14,100
4709,1,100
4710,28,100
4712,1,100
4713,24,100
4719,22,100
4724,22,100
4727,14,100
4728,0,100
4729,3,100
4731,27,100
4733,25,100
4735,21,100
4736,1,100
4738,14,100
4740,22,100
4742,31,100
4745,28,100
4749,0,100
4751,7,100
4754,25,100
4755,21,100
4756,14,100
4759,13,100
4762,19,100
4766,23,100
4768,28,100
4769,1,100
4770,22,100
4771,22,100
4772,13,100
4774,2,100
4775,4,100
4779,15,100
4780,19,100
4783,16,100
4784,4,100
4785,21,100
4786,21,100
4788,13,100
4790,14,100
4795,21,100
4796,20,100
4800,1,100
4801,14,100
4802,8,100
4805,14,100
4810,14,100
4811,31,100
4812,14,100
4813,28,100
4815,3,100
4816,2,100
4818,3,100
4822,28,100
4828,22,100
4829,14,100
4831,2,100
4836,19,100
4845,8,100
4846,31,100
4850,14,100
4855,21,100
4859,14,100
4863,25,100
4864,21,100
4867,19,100
4869,27,100
4871,12,100
4872,3,100
4873,21,100
4874,13,100
4875,21,100
4877,14,100
4878,1,100
4879,25,100
4880,3,100
4881,25,100
4882,14,100
4883,21,100
4884,17,100
4885,25,100
4890,21,100
4891,3,100
4892,25,100
4893,14,100
4894,20,100
4896,14,100
4898,24,100
4900,6,100
4903,0,100
4904,27,100
4905,16,100
4906,31,100
4908,5,100
4911,17,100
4912,22,100
4913,14,100
4914,4,100
4916,30,100
4917,24,100
4918,28,100
4921,28,100
4927,6,100
4929,7,100
4931,14,100
4933,14,100
4935,14,100
4936,14,100
4938,13,100
4939,22,100
4940,13,100
4941,6,100
4945,31,100
4946,3,100
4948,18,100
4954,25,100
4955,10,100
4961,0,100
4964,16,100
4969,3,100
4970,28,100
4971,26,100
4972,10,100
4973,31,100
4975,15,100
4976,16,100
4977,21,100
4978,21,100
4980,21,100
4981,7,100
4984,7,100
4985,1,100
4989,21,100
4990,0,100
4997,18,100
4998,10,100
5001,6,100
5002,24,100
5003,7,100
5005,10,100
5006,3,100
5007,22,100
5011,27,100
5012,29,100
5013,16,100
5014,9,100
5016,22,100
5018,9,100
5019,9,100
5020,22,100
5026,9,100
5031,20,100
5034,5,100
5035,1,100
5036,8,100
5038,22,100
5040,25,100
5043,7,100
5045,21,100
5046,14,100
5047,19,100
5048,18,100
5049,30,100
5052,18,100
5053,22,100
5055,0,100
5056,1,100
5058,10,100
5061,18,100
5064,10,100
5065,22,100
5066,18,100
5068,28,100
5069,6,100
5070,22,100
5071,6,100
5073,2,100
5076,22,100
5078,22,100
5080,22,100
5083,7,100
5085,11,100
5086,15,100
5088,22,100
5089,20,100
5090,25,100
5093,0,100
5095,18,100
5096,15,100
5098,18,100
5102,10,100
5104,14,100
5106,12,100
5111,18,100
5112,22,100
5113,13,100
5114,12,100
5115,15,100
5118,22,100
5119,22,100
5120,22,100
5123,21,100
5124,22,100
5125,12,100
5130,18,100
5133,10,100
5134,18,100
5137,5,100
5138,5,100
5140,18,100
5142,18,100
5143,18,100
5146,13,100
5148,20,100
5152,30,100
5154,9,100
5157,30,100
5158,13,100
5159,24,100
5161,30,100
5162,18,100
5163,10,100
5168,19,100
5169,9,100
5170,12,100
5172,26,100
5173,19,100
5178,6,100
5182,20,100
5184,6,100
5185,8,100
5186,12,100
5187,1,100
5194,19,100
5195,11,100
5199,8,100
5201,28,100
5204,12,100
5205,14,100
5210,17,100
5211,6,100
5214,3,100
5215,29,100
5216,17,100
5218,6,100
5219,10,100
5222,24,100
5223,4,100
5225,4,100
5226,4,100
5227,4,100
5228,23,100
5229,4,100
5231,10,100
5234,10,100
5238,10,100
5244,4,100
5245,10,100
5246,10,100
5248,22,100
5252,4,100
5253,29,100
5254,4,100
5256,4,100
5262,25,100
5264,10,100
5265,4,100
5266,24,100
5268,10,100
5270,10,100
5275,14,100
5276,4,100
5281,10,100
5284,10,100
5288,4,100
5292,24,100
5296,4,100
5297,4,100
5298,10,100
5299,10,100
5300,24,100
5303,24,100
5304,24,100
5308,4,100
5309,24,100
5314,4,100
5317,1,100
5319,4,100
5320,10,100
5323,17,100
5324,4,100
5325,24,100
5326,10,100
5329,4,100
5330,4,100
5333,24,100
5338,24,100
5342,29,100
5343,24,100
5344,7,100
5345,19,100
5346,29,100
5348,1,100
5350,4,100
5353,4,100
5354,1,100
5358,29,100
5359,10,100
5360,21,100
5365,29,100
5366,4,100
5367,29,100
5369,24,100
5370,25,100
5371,20,100
5372,20,100
5373,21,100
5374,8,100
5376,10,100
5377,29,100
5381,29,100
5382,1,100
5384,10,100
5386,4,100
5388,4,100
5389,29,100
5393,10,100
5394,7,100
5395,24,100
5396,17,100
5398,6,100
5399,10,100
5401,29,100
5405,10,100
5406,26,100
5411,22,100
5412,0,100
5414,19,100
5417,29,100
5418,29,100
5421,17,100
5422,31,100
5423,29,100
5426,29,100
5428,10,100
5431,4,100
5436,10,100
5438,14,100
5442,29,100
5444,29,100
5447,4,100
5448,1,100
5449,4,100
5453,10,100
5458,31,100
5464,6,100
5466,28,100
5467,7,100
5471,10,100
5473,19,100
5476,8,100
5477,21,100
5479,10,100
5480,4,100
5483,10,100
5484,10,100
5485,4,100
5488,28,100
5491,28,100
5494,24,100
5496,10,100
5497,10,100
5500,8,100
5501,25,100
5502,28,100
5503,29,100
5509,4,100
5510,25,100
5511,29,100
5512,17,100
5513,26,100
5514,4,100
5517,17,100
5518,20,100
5519,28,100
5522,24,100
5524,7,100
5525,21,100
5526,10,100
5527,10,100
5528,10,100
5531,10,100
5532,10,100
5533,12,100
5536,10,100
5537,10,100
5540,19,100
5541,0,100
5545,5,100
5546,27,100
5547,7,100
5548,17,100
5549,24,100
5550,6,100
5551,11,100
5552,26,100
5553,4,100
5554,4,100
5555,28,100
5558,14,100
5559,7,100
5562,7,100
5563,27,100
5564,10,100
5567,10,100
5568,7,100
5570,24,100
5572,10,100
5576,8,100
5578,26,100
5579,25,100
5581,20,100
5582,13,100
5590,8,100
5592,20,100
5598,4,100
5601,18,100
5603,28,100
5604,29,100
5610,25,100
5612,29,100
5613,1,100
5614,0,100
5619,15,100
5621,13,100
5624,14,100
5625,10,100
5627,14,100
5633,28,100
5637,10,100
5638,22,100
5641,8,100
5645,26,100
5651,4,100
5652,20,100
5654,28,100
5657,14,100
5658,26,100
5660,19,100
5662,28,100
5665,3,100
5667,27,100
5669,14,100
5671,29,100
5672,14,100
5676,29,100
5677,24,100
5679,14,100
5683,29,100
5687,1,100
5688,6,100
5689,12,100
5692,6,100
5693,26,100
5697,25,100
5701,20,100
5705,22,100
5706,16,100
5707,14,100
5709,4,100
5710,13,100
5711,10,100
5712,29,100
5714,13,100
5715,11,100
5716,24,100
5718,6,100
5719,20,100
5732,17,100
5735,10,100
5739,20,100
5740,25,100
5743,25,100
5746,23,100
5747,3,100
5748,23,100
5751,22,100
5757,29,100
5761,18,100
5762,21,100
5763,23,100
5764,15,100
5766,3,100
5767,17,100
5768,17,100
5770,31,100
5771,29,100
5772,10,100
5775,17,100
5777,7,100
5779,13,100
5780,10,100
5781,17,100
5783,28,100
5784,29,100
5785,29,100
5787,8,100
5788,5,100
5789,7,100
5790,20,100
5791,13,100
5792,5,100
5795,5,100
5797,6,100
5798,17,100
5799,5,100
5802,21,100
5803,0,100
5805,19,100
5808,19,100
5809,16,100
5815,25,100
5816,8,100
5819,6,100
5820,4,100
5821,22,100
5827,14,100
5828,5,100
5832,19,100
5835,27,100
5836,16,100
5841,31,100
5843,8,100
5847,14,100
5852,4,100
5854,10,100
5855,28,100
5856,6,100
5858,14,100
5859,31,100
5860,6,100
5862,0,100
5864,19,100
5865,27,100
5866,16,100
5868,19,100
5869,20,100
5872,7,100
5874,29,100
5875,29,100
5878,21,100
5879,13,100
5880,24,100
5881,28,100
5882,0,100
5889,8,100
5890,5,100
5892,5,100
5893,30,100
5894,13,100
5896,6,100
5897,28,100
5903,22,100
5904,27,100
5907,13,100
5909,21,100
5911,29,100
5918,0,100
5920,16,100
5921,19,100
5923,14,100
5924,14,100
5927,0,100
5928,25,100
5929,10,100
5930,7,100
5931,18,100
5932,10,100
5933,10,100
5935,10,100
5936,21,100
5937,26,100
5938,4,100
5941,29,100
5945,10,100
5946,14,100
5952,20,100
5953,4,100
5954,22,100
5955,26,100
5957,29,100
5958,29,100
5960,18,100
5964,20,100
5966,4,100
5968,22,100
5970,4,100
5971,21,100
5975,10,100
5977,15,100
5979,16,100
5980,8,100
5981,29,100
5982,8,100
5985,8,100
5986,14,100
5987,29,100
5989,28,100
5991,13,100
5992,8,100
5994,8,100
5995,4,100
5998,4,100
6000,29,100
6001,10,100
6003,26,100
6004,8,100
6006,10,100
6009,19,100
6010,29,100
6013,4,100
6016,28,100
6017,4,100
6019,29,100
6020,24,100
6029,25,100
6034,8,100
6036,8,100
6038,8,100
6039,5,100
6046,29,100
6048,8,100
6049,8,100
6051,9,100
6052,13,100
6056,29,100
6059,10,100
6060,10,100
6061,29,100
6062,8,100
6064,29,100
6065,8,100
6067,8,100
6070,0,100
6071,27,100
6072,16,100
6074,0,100
6075,0,100
6076,12,100
6077,25,100
6079,15,100
6081,12,100
6084,20,100
6091,18,100
6093,8,100
6095,29,100
6096,8,100
6097,10,100
6100,10,100
6104,15,100
6105,29,100
6106,10,100
6108,8,100
6111,22,100
6113,2,100
6117,21,100
6118,28,100
6124,18,100
6127,22,100
6128,13,100
6131,20,100
6132,8,100
6133,18,100
6134,18,100
6136,7,100
6138,30,100
6139,9,100
6144,8,100
6145,18,100
6147,18,100
6148,18,100
6151,18,100
6152,18,100
6153,8,100
6156,9,100
6158,22,100
6159,30,100
6161,8,100
6164,18,100
6165,18,100
6166,22,100
6169,22,100
6174,22,100
6175,29,100
6177,12,100
6178,14,100
6179,18,100
6182,29,100
6183,18,100
6184,18,100
6186,11,100
6187,13,100
6188,18,100
6192,18,100
6194,22,100
6196,8,100
6198,8,100
6199,22,100
6201,18,100
6204,22,100
6205,12,100
6207,8,100
6208,18,100
6209,20,100
6210,20,100
6211,10,100
6213,14,100
6215,13,100
6216,25,100
6219,13,100
6224,18,100
6225,20,100
6226,8,100
6230,8,100
6231,13,100
6232,8,100
6233,1,100
6234,25,100
6235,15,100
6238,1,100
6239,29,100
6241,8,100
6243,22,100
6245,22,100
6247,25,100
6248,24,100
6249,20,100
6252,15,100
6253,3,100
6255,29,100
6257,12,100
6262,1,100
6264,4,100
6266,17,100
6267,17,100
6268,6,100
6269,17,100
6270,24,100
6271,14,100
6272,5,100
6279,17,100
6280,17,100
6284,4,100
6287,17,100
6288,17,100
6289,17,100
6290,17,100
6291,4,100
6292,17,100
6293,17,100
6296,17,100
6297,17,100
6298,17,100
6299,17,100
6301,5,100
6308,17,100
6310,26,100
6311,17,100
6312,22,100
6313,29,100
6314,17,100
6315,17,100
6316,17,100
6317,14,100
6318,6,100
6319,4,100
6321,17,100
6322,13,100
6323,17,100
6324,17,100
6326,17,100
6328,17,100
6329,17,100
6330,13,100
6334,17,100
6337,17,100
6340,29,100
6341,15,100
6342,0,100
6347,25,100
6348,6,100
6350,17,100
6353,17,100
6355,8,100
6357,24,100
6359,0,100
6361,25,100
6362,17,100
6365,7,100
6366,29,100
6367,17,100
6370,17,100
6373,10,100
6379,17,100
6382,10,100
6383,17,100
6386,0,100
6388,17,100
6390,8,100
6391,17,100
6392,17,100
6394,17,100
6396,17,100
6398,17,100
6399,17,100
6400,25,100
6403,17,100
6404,29,100
6409,14,100
6411,0,100
6415,8,100
6417,25,100
6418,12,100
6420,29,100
6422,10,100
6423,6,100
6424,20,100
6425,20,100
6426,25,100
6429,28,100
6430,6,100
6431,22,100
6432,20,100
6433,20,100
6434,31,100
6435,1,100
6436,6,100
6437,29,100
6439,6,100
6442,29,100
6443,25,100
6444,23,100
6445,17,100
6448,30,100
6451,29,100
6452,29,100
6454,25,100
6455,22,100
6456,25,100
6459,29,100
6465,8,100
6466,5,100
6467,24,100
6468,4,100
6474,17,100
6477,31,100
6478,17,100
6479,22,100
6481,17,100
6482,4,100
6483,4,100
6484,25,100
6488,17,100
6489,17,100
6491,25,100
6495,29,100
6496,17,100
6497,17,100
6498,21,100
6501,3,100
6502,1,100
6506,28,100
6507,10,100
6509,13,100
6510,10,100
6512,21,100
6513,27,100
6515,21,100
6517,23,100
6519,22,100
6522,14,100
6525,0,100
6526,15,100
6527,27,100
6528,17,100
6529,23,100
6535,21,100
6536,21,100
6537,29,100
6539,19,100
6541,10,100
6543,4,100
6545,4,100
6546,0,100
6547,19,100
6549,19,100
6550,1,100
6551,0,100
6552,19,100
6554,19,100
6555,0,100
6556,19,100
6558,19,100
6559,0,100
6561,19,100
6568,10,100
6569,19,100
6571,9,100
6573,9,100
6578,17,100
6579,23,100
6580,1,100
6583,5,100
6585,5,100
6591,22,100
6592,31,100
6593,5,100
6595,13,100
6597,5,100
6598,5,100
6599,12,100
6601,18,100
6602,20,100
6606,17,100
6608,8,100
6616,0,100
6617,27,100
6619,17,100
6620,17,100
6622,4,100
6623,24,100
6627,13,100
6631,0,100
6633,16,100
6636,27,100
6637,16,100
6648,27,100
6649,0,100
6650,21,100
6651,8,100
6652,22,100
6653,21,100
6656,29,100
6657,21,100
6658,24,100
6660,6,100
6662,0,100
6664,21,100
6665,21,100
6666,21,100
6667,27,100
6670,0,100
6672,18,100
6673,22,100
6675,9,100
6676,14,100
6681,9,100
6682,9,100
6683,9,100
6685,24,100
6687,1,100
6689,9,100
6691,9,100
6692,29,100
6694,9,100
6695,9,100
6697,9,100
6698,9,100
6699,9,100
6700,6,100
6701,0,100
6702,3,100
6705,13,100
6706,13,100
6707,9,100
6708,19,100
6711,13,100
6712,28,100
6717,25,100
6718,13,100
6720,19,100
6723,24,100
6724,10,100
6725,10,100
6728,9,100
6729,13,100
6730,13,100
6731,9,100
6735,26,100
6736,21,100
6738,18,100
6739,13,100
6741,13,100
6742,14,100
6748,24,100
6750,13,100
6751,13,100
6752,29,100
6754,13,100
6756,13,100
6757,24,100
6758,13,100
6759,29,100
6761,13,100
6762,6,100
6763,19,100
6767,29,100
6769,9,100
6770,9,100
6778,11,100
6779,24,100
6781,19,100
6784,27,100
6785,21,100
6787,19,100
6788,19,100
6790,26,100
6792,25,100
6793,1,100
6802,6,100
6804,31,100
6807,8,100
6808,11,100
6809,13,100
6811,5,100
6812,5,100
6814,10,100
6815,13,100
6818,13,100
6819,0,100
6821,22,100
6824,11,100
6830,0,100
6831,19,100
6832,27,100
6835,11,100
6836,0,100
6837,19,100
6838,27,100
6839,2,100
6841,20,100
6843,26,100
6847,13,100
6848,4,100
6850,4,100
6851,17,100
6860,0,100
6870,10,100
6871,17,100
6872,25,100
6873,13,100
6875,22,100
6877,19,100
6879,29,100
6881,1,100
6883,8,100
6884,25,100
6887,25,100
6888,25,100
6890,0,100
6891,19,100
6892,19,100
6894,21,100
6896,22,100
6899,8,100
6903,21,100
6904,19,100
6905,0,100
6906,19,100
6911,31,100
6912,12,100
6913,1,100
6914,22,100
6915,31,100
6916,22,100
6917,11,100
6919,29,100
6920,25,100
6921,0,100
6924,7,100
6925,19,100
6926,31,100
6927,21,100
6930,25,100
6931,20,100
6933,29,100
6935,21,100
6936,3,100
6939,22,100
6942,19,100
6943,19,100
6944,26,100
6945,14,100
6946,24,100
6948,25,100
6950,8,100
6953,25,100
6954,10,100
6956,21,100
6957,19,100
6961,25,100
6962,3,100
6963,13,100
6964,0,100
6966,20,100
6969,17,100
6972,4,100
6973,17,100
6974,6,100
6975,19,100
6976,29,100
6978,13,100
6981,20,100
6985,14,100
6986,17,100
6987,14,100
6988,0,100
6989,31,100
6990,19,100
6991,19,100
6993,21,100
6994,17,100
6995,25,100
6996,17,100
6998,1,100
7000,10,100
7002,25,100
7007,13,100
7010,25,100
7013,20,100
7015,20,100
7022,0,100
7024,25,100
7026,6,100
7027,4,100
7029,26,100
7031,5,100
7035,14,100
7036,25,100
7037,6,100
7040,28,100
7041,28,100
7047,26,100
7050,14,100
7052,18,100
7055,20,100
7056,1,100
7057,8,100
7058,12,100
7059,4,100
7060,18,100
7063,14,100
7064,22,100
7067,5,100
7068,20,100
7070,23,100
7072,2,100
7077,31,100
7079,20,100
7080,31,100
7082,21,100
7091,13,100
7095,19,100
7096,13,100
7097,1,100
7098,4,100
7100,8,100
7104,22,100
7105,24,100
7106,24,100
7107,8,100
7108,8,100
7110,28,100
7112,3,100
7113,1,100
7115,6,100
7116,25,100
7117,7,100
7119,31,100
7123,13,100
7124,29,100
7126,24,100
7127,10,100
7128,4,100
7129,17,100
7132,23,100
7133,3,100
7134,0,100
7136,4,100
7137,19,100
7142,0,100
7143,13,100
7144,0,100
7146,8,100
7147,1,100
7148,21,100
7149,8,100
7153,5,100
7154,10,100
7156,19,100
7158,4,100
7161,21,100
7162,21,100
7164,25,100
7165,20,100
7167,21,100
7168,21,100
7172,20,100
7173,20,100
7175,28,100
7177,21,100
7178,5,100
7180,5,100
7182,8,100
7185,8,100
7187,15,100
7191,7,100
7192,5,100
7200,13,100
7201,5,100
7205,31,100
7206,22,100
7208,5,100
7209,5,100
7215,28,100
7216,30,100
7217,12,100
7220,10,100
7221,2,100
7224,2,100
7225,19,100
7226,31,100
7229,19,100
7230,31,100
7237,2,100
7243,21,100
7245,21,100
7246,9,100
7251,9,100
7255,19,100
7256,31,100
7258,10,100
7259,29,100
7260,7,100
7262,2,100
7264,18,100
7266,0,100
7267,7,100
7268,3,100
7269,12,100
7270,18,100
7271,7,100
7277,10,100
7278,0,100
7280,14,100
7281,9,100
7285,9,100
7290,19,100
7291,12,100
7292,12,100
7294,27,100
7298,10,100
7299,21,100
7300,29,100
7301,19,100
7302,7,100
7306,12,100
7307,1,100
7309,29,100
7315,19,100
7316,22,100
7318,0,100
7319,23,100
7320,6,100
7321,6,100
7323,25,100
7324,7,100
7325,4,100
7326,21,100
7327,4,100
7328,7,100
7329,6,100
7330,1,100
7331,13,100
7332,10,100
7333,21,100
7335,10,100
7336,19,100
7339,17,100
7340,22,100
7342,6,100
7343,15,100
7346,21,100
7351,25,100
7355,10,100
7356,6,100
7358,7,100
7359,14,100
7360,17,100
7361,17,100
7362,17,100
7363,3,100
7364,3,100
7366,5,100
7372,10,100
7376,6,100
7378,25,100
7379,12,100
7380,20,100
7383,7,100
7384,29,100
7389,19,100
7390,0,100
7395,29,100
7401,29,100
7403,20,100
7405,31,100
7409,5,100
7411,5,100
7412,13,100
7414,29,100
7416,25,100
7417,29,100
7418,25,100
7422,29,100
7423,10,100
7427,17,100
7428,5,100
7431,1,100
7433,14,100
7437,12,100
7438,14,100
7439,13,100
7440,0,100
7441,29,100
7442,29,100
7448,29,100
7451,25,100
7454,25,100
7456,18,100
7458,22,100
7459,29,100
7462,17,100
7463,0,100
7467,7,100
7468,27,100
7471,6,100
7473,17,100
7474,14,100
7475,1,100
7476,14,100
7478,21,100
7479,20,100
7480,29,100
7481,25,100
7483,25,100
7484,23,100
7486,25,100
7487,14,100
7492,14,100
7494,23,100
7495,14,100
7497,14,100
7499,10,100
7502,14,100
7505,22,100
7510,1,100
7511,14,100
7513,29,100
7514,25,100
7515,22,100
7516,10,100
7517,14,100
7518,13,100
7519,17,100
7520,19,100
7522,0,100
7528,13,100
7538,23,100
7541,19,100
7542,13,100
7545,17,100
7550,20,100
7554,13,100
7555,8,100
7556,24,100
7558,14,100
7562,25,100
7563,25,100
7567,17,100
7568,24,100
7569,22,100
7570,28,100
7572,13,100
7576,6,100
7577,6,100
7579,25,100
7580,0,100
7581,22,100
7584,24,100
7588,1,100
7592,21,100
7594,11,100
7596,13,100
7602,14,100
7606,13,100
7607,20,100
7608,10,100
7613,1,100
7615,24,100
7616,1,100
7617,21,100
7620,28,100
7622,25,100
7623,6,100
7624,10,100
7625,25,100
7626,21,100
7627,31,100
7628,23,100
7629,21,100
7630,25,100
7632,1,100
7633,25,100
7635,25,100
7638,6,100
7640,0,100
7641,3,100
7643,27,100
7646,1,100
7650,19,100
7652,1,100
7653,1,100
7654,21,100
7656,21,100
7662,31,100
7663,21,100
7665,21,100
7666,23,100
7671,13,100
7672,21,100
7673,1,100
7677,21,100
7678,28,100
7679,21,100
7680,1,100
7681,25,100
7682,8,100
7683,10,100
7685,13,100
7686,24,100
7687,25,100
7693,6,100
7694,1,100
7696,20,100
7698,25,100
7700,22,100
7701,20,100
7705,13,100
7706,13,100
7708,1,100
7709,1,100
7713,4,100
7714,22,100
7716,4,100
7718,4,100
7719,0,100
7720,3,100
7722,11,100
7723,27,100
7725,31,100
7726,25,100
7727,1,100
7729,25,100
7730,19,100
7732,13,100
7733,1,100
7735,1,100
7737,28,100
7740,10,100
7741,17,100
7742,17,100
7743,31,100
7744,25,100
7746,25,100
7748,11,100
7751,20,100
7752,11,100
7753,1,100
7754,1,100
7756,28,100
7757,14,100
7759,1,100
7760,14,100
7761,20,100
7763,28,100
7766,11,100
7767,14,100
7770,3,100
7772,11,100
7774,16,100
7776,19,100
7777,17,100
7779,6,100
7780,31,100
7781,1,100
7783,11,100
7785,14,100
7786,11,100
7789,1,100
7790,5,100
7793,3,100
7794,19,100
7795,0,100
7796,11,100
7801,13,100
7803,13,100
7808,13,100
7809,20,100
7815,13,100
7819,8,100
7820,13,100
7821,14,100
7822,4,100
7823,29,100
7828,13,100
7829,13,100
7830,14,100
7834,22,100
7836,14,100
7841,13,100
7842,21,100
7844,21,100
7845,13,100
7850,24,100
7854,11,100
7858,24,100
7860,11,100
7861,27,100
7862,16,100
7863,24,100
7864,19,100
7866,29,100
7873,10,100
7874,24,100
7875,23,100
7876,13,100
7877,11,100
7880,24,100
7881,13,100
7884,14,100
7885,20,100
7886,14,100
7888,6,100
7889,10,100
7890,14,100
7891,14,100
7892,8,100
7895,14,100
7905,6,100
7908,11,100
7909,25,100
7911,13,100
7912,25,100
7914,11,100
7915,14,100
7916,13,100
7917,5,100
7920,31,100
7922,11,100
7924,1,100
7926,25,100
7929,19,100
7932,19,100
7935,0,100
7941,14,100
7947,24,100
7949,20,100
7950,24,100
7952,0,100
7953,11,100
7954,19,100
7955,14,100
7963,11,100
7964,1,100
7966,0,100
7968,7,100
7969,12,100
7972,28,100
7975,24,100
7976,6,100
7977,24,100
7978,0,100
7979,14,100
7980,1,100
7981,14,100
7982,1,100
7984,11,100
7985,25,100
7989,6,100
7991,29,100
7995,20,100
7996,14,100
8005,27,100
8006,25,100
8008,18,100
8011,12,100
8015,18,100
8018,29,100
8020,8,100
8021,18,100
8022,13,100
8023,22,100
8027,13,100
8028,29,100
8029,25,100
8031,18,100
8032,18,100
8033,18,100
8034,13,100
8035,18,100
8037,18,100
8038,13,100
8042,18,100
8044,8,100
8047,8,100
8049,9,100
8051,25,100
8053,27,100
8054,9,100
8055,9,100
8062,2,100
8063,9,100
8069,27,100
8073,18,100
8074,21,100
8075,1,100
8081,7,100
8082,6,100
8085,14,100
8089,9,100
8092,15,100
8093,21,100
8094,21,100
8098,9,100
8099,25,100
8105,18,100
8106,1,100
8107,1,100
8111,25,100
8112,13,100
8114,13,100
8115,19,100
8119,13,100
8121,4,100
8126,25,100
8128,20,100
8130,22,100
8131,25,100
8134,4,100
8135,0,100
8138,17,100
8140,4,100
8141,29,100
8145,19,100
8147,16,100
8148,10,100
8150,0,100
8153,16,100
8156,27,100
8158,21,100
8159,31,100
8160,7,100
8161,31,100
8162,4,100
8165,12,100
8166,31,100
8169,29,100
8170,25,100
8171,22,100
8173,2,100
8178,1,100
8180,8,100
8181,29,100
8182,29,100
8183,24,100
8184,4,100
8185,29,100
8188,10,100
8189,29,100
8191,29,100
8192,14,100
8193,21,100
8194,20,100
8196,14,100
8197,4,100
8202,16,100
8206,4,100
8207,25,100
8211,5,100
8212,21,100
8213,18,100
8214,10,100
8215,4,100
8217,18,100
8218,18,100
8224,10,100
8225,1,100
8226,7,100
8227,0,100
8228,16,100
8229,25,100
8230,6,100
8231,0,100
8232,22,100
8233,22,100
8235,3,100
8236,20,100
8237,1,100
8238,3,100
8239,1,100
8240,25,100
8241,18,100
8243,18,100
8246,20,100
8247,20,100
8248,18,100
8249,5,100
8251,18,100
8256,18,100
8257,4,100
8260,22,100
8264,18,100
8266,26,100
8269,25,100
8270,9,100
8274,22,100
8276,1,100
8277,0,100
8278,25,100
8279,27,100
8281,18,100
8282,1,100
8284,25,100
8285,4,100
8286,29,100
8287,18,100
8289,20,100
8295,12,100
8296,18,100
8297,22,100
8304,15,100
8305,4,100
8306,15,100
8309,10,100
8311,4,100
8313,20,100
8315,31,100
8317,0,100
8319,7,100
8322,31,100
8325,20,100
8326,9,100
8327,31,100
8331,31,100
8332,6,100
8334,29,100
8336,28,100
8339,25,100
8340,18,100
8341,7,100
8343,10,100
8344,20,100
8345,7,100
8347,7,100
8349,29,100
8350,31,100
8355,31,100
8356,22,100
8357,20,100
8358,20,100
8361,21,100
8363,12,100
8364,22,100
8365,4,100
8368,22,100
8369,12,100
8370,20,100
8372,22,100
8375,22,100
8378,9,100
8379,9,100
8383,9,100
8384,9,100
8385,13,100
8386,9,100
8388,19,100
8391,25,100
8393,19,100
8394,20,100
8395,6,100
8398,24,100
8400,20,100
8401,20,100
8402,24,100
8403,1,100
8404,11,100
8405,14,100
8406,5,100
8409,17,100
8410,20,100
8411,29,100
8412,29,100
8413,6,100
8414,29,100
8416,5,100
8420,20,100
8423,10,100
8424,22,100
8425,8,100
8426,8,100
8428,26,100
8435,6,100
8437,23,100
8439,24,100
8440,19,100
8441,19,100
8443,5,100
8445,8,100
8447,18,100
8449,14,100
8451,21,100
8452,17,100
8453,8,100
8454,19,100
8455,19,100
8456,20,100
8458,20,100
8460,3,100
8464,10,100
8465,3,100
8466,15,100
8468,22,100
8470,8,100
8471,16,100
8473,8,100
8474,31,100
8477,28,100
8478,28,100
8479,21,100
8480,6,100
8481,20,100
8485,21,100
8489,13,100
8490,22,100
8492,3,100
8494,14,100
8497,26,100
8500,24,100
8501,8,100
8502,13,100
8503,12,100
8504,5,100
8506,20,100
8508,12,100
8514,20,100
8517,21,100
8518,13,100
8519,25,100
8522,29,100
8523,8,100
8525,8,100
8529,5,100
8530,28,100
8533,10,100
8534,1,100
8535,25,100
8537,5,100
8538,13,100
8542,13,100
8543,26,100
8544,6,100
8546,14,100
8547,26,100
8548,8,100
8550,20,100
8552,18,100
8553,26,100
8554,30,100
8557,31,100
8558,7,100
8561,19,100
8563,0,100
8564,7,100
8565,11,100
8569,8,100
8579,1,100
8580,24,100
8581,21,100
8582,21,100
8585,17,100
8586,26,100
8587,6,100
8588,28,100
8589,30,100
8590,30,100
8591,21,100
8596,21,100
8598,22,100
8599,10,100
8600,31,100
8601,6,100
8603,1,100
8604,4,100
8607,13,100
8610,28,100
8613,10,100
8615,31,100
8617,19,100
8618,19,100
8619,0,100
8620,11,100
8621,25,100
8622,31,100
8623,21,100
8626,10,100
8632,25,100
8633,7,100
8636,22,100
8638,31,100
8639,24,100
8641,7,100
8643,22,100
8644,21,100
8648,7,100
8651,31,100
8653,20,100
8654,13,100
8658,20,100
8659,31,100
8662,19,100
8663,28,100
8665,14,100
8667,28,100
8668,25,100
8671,10,100
8675,20,100
8676,0,100
8677,2,100
8682,3,100
8683,11,100
8686,1,100
8688,28,100
8690,14,100
8693,13,100
8700,13,100
8701,22,100
8703,14,100
8704,25,100
8708,25,100
8710,1,100
8713,1,100
8714,3,100
8719,28,100
8721,25,100
8723,6,100
8725,24,100
8726,13,100
8728,10,100
8730,28,100
8731,25,100
8735,24,100
8736,21,100
8737,5,100
8739,1,100
8740,6,100
8741,11,100
8742,26,100
8743,6,100
8745,29,100
8746,6,100
8748,14,100
8750,17,100
8751,7,100
8753,15,100
8754,17,100
8755,17,100
8760,14,100
8761,31,100
8764,17,100
8766,1,100
8768,1,100
8771,20,100
8772,22,100
8773,10,100
8774,4,100
8776,20,100
8777,14,100
8779,31,100
8780,21,100
8781,17,100
8782,4,100
8783,6,100
8784,17,100
8786,3,100
8788,3,100
8790,8,100
8791,30,100
8795,13,100
8796,8,100
8797,13,100
8799,29,100
8805,5,100
8807,13,100
8808,5,100
8813,5,100
8814,10,100
8815,13,100
8817,5,100
8818,6,100
8819,17,100
8821,14,100
8822,12,100
8824,17,100
8825,14,100
8827,17,100
8829,17,100
8830,13,100
8832,4,100
8835,20,100
8836,23,100
8840,31,100
8841,23,100
8842,20,100
8844,30,100
8849,5,100
8850,29,100
8851,30,100
8852,5,100
8854,14,100
8855,23,100
8856,13,100
8857,23,100
8858,30,100
8863,14,100
8864,12,100
8865,5,100
8866,7,100
8870,31,100
8873,6,100
8874,20,100
8875,30,100
8879,5,100
8880,6,100
8881,5,100
8883,11,100
8886,8,100
8887,24,100
8889,28,100
8891,15,100
8893,23,100
8898,20,100
8901,25,100
8902,6,100
8907,0,100
8908,21,100
8909,3,100
8910,8,100
8913,25,100
8914,31,100
8917,22,100
8919,11,100
8923,17,100
8925,28,100
8926,22,100
8928,8,100
8929,20,100
8930,24,100
8931,22,100
8932,21,100
8934,30,100
8935,31,100
8936,13,100
8938,31,100
8939,4,100
8941,6,100
8943,25,100
8950,31,100
8952,6,100
8953,20,100
8954,28,100
8956,1,100
8959,6,100
8960,28,100
8961,22,100
8962,8,100
8964,12,100
8965,31,100
8966,8,100
8970,21,100
8971,14,100
8972,8,100
8974,31,100
8978,14,100
8979,6,100
8987,6,100
8991,18,100
8992,30,100
8993,30,100
8994,14,100
8999,21,100
9002,31,100
9008,31,100
9010,24,100
9011,21,100
9015,20,100
9016,26,100
9019,13,100
9020,26,100
9021,20,100
9022,5,100
9023,13,100
9024,22,100
9025,5,100
9026,14,100
9030,6,100
9031,31,100
9034,20,100
9035,25,100
9036,6,100
9037,6,100
9038,5,100
9040,10,100
9043,13,100
9049,10,100
9050,12,100
9051,12,100
9053,18,100
9054,8,100
9055,14,100
9057,6,100
9058,13,100
9059,8,100
9060,31,100
9061,31,100
9062,31,100
9063,5,100
9064,31,100
9065,31,100
9067,6,100
9069,5,100
9071,6,100
9073,14,100
9075,31,100
9080,14,100
9082,20,100
9083,14,100
9084,23,100
9085,25,100
9086,6,100
9087,25,100
9089,8,100
9090,19,100
9091,22,100
9093,0,100
9099,27,100
9100,16,100
9101,20,100
9103,25,100
9104,19,100
9105,5,100
9106,14,100
9113,6,100
9115,20,100
9116,20,100
9118,0,100
9119,20,100
9120,20,100
9122,18,100
9124,15,100
9125,28,100
9126,28,100
9128,13,100
9129,20,100
9134,6,100
9135,6,100
9138,20,100
9140,8,100
9141,25,100
9146,20,100
9148,20,100
9149,21,100
9150,5,100
9155,25,100
9158,20,100
9159,20,100
9161,20,100
9162,20,100
9163,26,100
9165,25,100
9167,1,100
9169,6,100
9172,13,100
9174,25,100
9175,5,100
9177,14,100
9178,5,100
9180,13,100
9181,26,100
9183,6,100
9187,6,100
9188,6,100
9189,0,100
9191,20,100
9193,24,100
9194,22,100
9195,14,100
9197,21,100
9199,6,100
9202,6,100
9203,20,100
9204,8,100
9205,6,100
9206,24,100
9207,28,100
9208,26,100
9209,28,100
9211,14,100
9214,14,100
9222,26,100
9227,5,100
9231,2,100
9232,13,100
9234,13,100
9237,28,100
9239,6,100
9242,20,100
9246,31,100
9248,26,100
9249,14,100
9254,25,100
9255,6,100
9258,6,100
9259,18,100
9261,19,100
9263,0,100
9264,5,100
9266,8,100
9267,6,100
9272,27,100
9273,10,100
9274,6,100
9276,8,100
9279,13,100
9281,3,100
9282,14,100
9284,20,100
9287,20,100
9288,14,100
9289,6,100
9292,6,100
9293,21,100
9296,28,100
9298,12,100
9301,14,100
9302,14,100
9306,25,100
9307,31,100
9309,22,100
9311,4,100
9312,28,100
9313,14,100
9314,6,100
9315,8,100
9316,14,100
9317,14,100
9318,20,100
9320,28,100
9328,31,100
9330,14,100
9331,10,100
9338,8,100
9339,14,100
9341,30,100
9342,23,100
9349,23,100
9350,12,100
9351,6,100
9352,25,100
9354,31,100
9355,30,100
9362,8,100
9364,14,100
9365,28,100
9366,6,100
9367,14,100
9368,6,100
9370,23,100
9375,6,100
9377,4,100
9378,23,100
9379,8,100
9381,30,100
9384,14,100
9385,6,100
9389,20,100
9391,23,100
9393,31,100
9396,23,100
9401,30,100
9403,14,100
9405,0,100
9406,11,100
9408,20,100
9410,27,100
9411,16,100
9419,14,100
9420,30,100
9421,6,100
9423,14,100
9424,6,100
9430,30,100
9434,13,100
9437,6,100
9439,30,100
9441,14,100
9444,23,100
9447,31,100
9450,6,100
9451,6,100
9452,5,100
9454,6,100
9455,15,100
9456,14,100
9459,10,100
9462,8,100
9463,6,100
9467,6,100
9468,31,100
9469,23,100
9473,20,100
9478,31,100
9480,30,100
9481,21,100
9482,10,100
9483,10,100
9484,24,100
9485,8,100
9488,23,100
9489,6,100
9492,21,100
9494,18,100
9497,14,100
9499,13,100
9501,30,100
9502,25,100
9506,25,100
9508,30,100
9509,29,100
9510,25,100
9517,25,100
9518,14,100
9519,13,100
9520,11,100
9521,20,100
9523,11,100
9526,23,100
9536,6,100
9538,14,100
9539,30,100
9541,31,100
9543,20,100
9544,28,100
9545,28,100
9546,6,100
9548,30,100
9553,30,100
9555,23,100
9556,20,100
9558,6,100
9560,20,100
9561,25,100
9562,31,100
9563,20,100
9567,5,100
9573,24,100
9576,30,100
9578,22,100
9579,14,100
9580,10,100
9581,10,100
9582,5,100
9590,24,100
9591,4,100
9592,2,100
9594,14,100
9598,25,100
9600,20,100
9601,10,100
9602,2,100
9606,25,100
9608,6,100
9609,23,100
9611,14,100
9613,5,100
9618,1,100
9619,0,100
9620,2,100
9621,5,100
9624,5,100
9625,1,100
9626,30,100
9631,22,100
9632,8,100
9633,30,100
9634,20,100
9636,26,100
9639,8,100
9645,29,100
9647,24,100
9648,5,100
9652,29,100
9654,5,100
9655,8,100
9656,13,100
9658,5,100
9659,14,100
9660,12,100
9661,10,100
9666,6,100
9667,4,100
9668,1,100
9670,14,100
9671,8,100
9672,8,100
9673,8,100
9674,7,100
9679,6,100
9682,12,100
9683,22,100
9685,3,100
9687,8,100
9688,6,100
9689,14,100
9690,6,100
9691,7,100
9694,5,100
9696,6,100
9697,25,100
9698,18,100
9699,23,100
9700,25,100
9706,22,100
9709,15,100
9710,1,100
9712,5,100
9720,20,100
9721,13,100
9722,7,100
9724,13,100
9725,13,100
9728,25,100
9730,26,100
9731,1,100
9732,6,100
9735,31,100
9736,19,100
9738,26,100
9739,19,100
9746,12,100
9749,22,100
9750,18,100
9751,10,100
9753,5,100
9755,22,100
9758,25,100
9760,25,100
9761,25,100
9763,28,100
9767,18,100
9769,21,100
9771,18,100
9772,29,100
9774,5,100
9781,8,100
9783,29,100
9784,6,100
9785,22,100
9788,8,100
9789,13,100
9790,14,100
9791,8,100
9792,8,100
9793,21,100
9794,6,100
9798,20,100
9799,10,100
9801,8,100
9803,6,100
9804,6,100
9805,20,100
9806,15,100
9807,22,100
9809,18,100
9811,6,100
9812,20,100
9814,14,100
9816,11,100
9817,21,100
9818,5,100
9819,23,100
9822,29,100
9826,16,100
9828,26,100
9830,5,100
9836,7,100
9841,21,100
9842,20,100
9843,8,100
9844,6,100
9845,10,100
9848,4,100
9851,18,100
9853,15,100
9856,13,100
9858,28,100
9861,5,100
9869,7,100
9870,4,100
9871,29,100
9878,18,100
9881,28,100
9883,8,100
9886,26,100
9887,26,100
9889,20,100
9891,28,100
9892,14,100
9894,6,100
9897,26,100
9898,15,100
9899,8,100
9900,7,100
9902,28,100
9904,3,100
9908,7,100
9912,31,100
9917,21,100
9918,21,100
9919,4,100
9920,6,100
9922,6,100
9924,20,100
9925,25,100
9928,24,100
9931,6,100
9932,5,100
9935,13,100
9936,13,100
9937,12,100
9938,21,100
9939,26,100
9942,20,100
9945,12,100
9951,30,100
9954,20,100
9955,29,100
9957,29,100
9961,5,100
9962,20,100
9965,25,100
9970,6,100
9975,25,100
9976,20,100
9977,31,100
9979,6,100
9980,25,100
9981,5,100
9983,12,100
9985,18,100
9986,8,100
9987,8,100
9988,6,100
9989,13,100
9991,10,100
9992,0,100
9994,8,100
9995,13,100
9996,7,100
9998,22,100
9999,18,100
10003,1,100
10005,1,100
10008,1,100
10009,22,100
10010,15,100
10012,18,100
10016,20,100
10018,18,100
10020,18,100
10021,1,100
10023,20,100
10025,18,100
10026,15,100
10028,18,100
10029,13,100
10032,18,100
10034,20,100
10035,30,100
10036,0,100
10039,28,100
10043,14,100
10045,12,100
10048,0,100
10049,19,100
10053,7,100
10054,18,100
10055,8,100
10056,18,100
10061,26,100
10062,18,100
10063,20,100
10064,29,100
10065,18,100
10074,13,100
10075,20,100
10077,19,100
10078,2,100
10080,14,100
10081,14,100
10083,28,100
10084,18,100
10085,2,100
10088,12,100
10089,15,100
10090,24,100
10092,0,100
10093,22,100
10094,15,100
10098,18,100
10099,19,100
10102,22,100
10105,22,100
10107,12,100
10113,1,100
10115,6,100
10116,18,100
10117,13,100
10118,20,100
10120,18,100
10121,20,100
10123,24,100
10124,4,100
10126,18,100
10127,18,100
10130,15,100
10132,13,100
10134,7,100
10137,14,100
10138,7,100
10139,18,100
10140,18,100
10141,7,100
10145,22,100
10147,14,100
10151,31,100
10152,28,100
10153,25,100
10154,6,100
10156,5,100
10157,7,100
10159,20,100
10161,14,100
10163,28,100
10164,12,100
10166,18,100
10169,15,100
10171,25,100
10172,21,100
10173,24,100
10174,20,100
10177,5,100
10179,20,100
10180,20,100
10182,11,100
10183,18,100
10186,8,100
10187,14,100
10189,12,100
10192,15,100
10193,18,100
10194,20,100
10199,6,100
10201,20,100
10202,6,100
10205,8,100
10206,26,100
10212,12,100
10213,6,100
10214,15,100
10215,26,100
10216,31,100
10218,26,100
10221,1,100
10228,19,100
10230,14,100
10232,25,100
10235,6,100
10238,9,100
10239,18,100
10240,7,100
10241,19,100
10242,31,100
10243,31,100
10253,31,100
10254,31,100
10255,7,100
10257,26,100
10259,19,100
10262,19,100
10268,19,100
10271,20,100
10276,7,100
10279,3,100
10280,4,100
10284,0,100
10288,25,100
10289,17,100
10290,2,100
10291,1,100
10294,0,100
10297,22,100
10299,2,100
10302,12,100
10303,0,100
10305,11,100
10307,20,100
10308,4,100
10309,28,100
10311,15,100
10312,31,100
10314,31,100
10317,20,100
10319,13,100
10324,4,100
10329,11,100
10330,8,100
10331,31,100
10332,1,100
10338,1,100
10340,5,100
10341,20,100
10342,31,100
10343,5,100
10344,5,100
10351,24,100
10353,31,100
10359,21,100
10361,2,100
10363,0,100
10365,11,100
10366,2,100
10369,6,100
10371,14,100
10374,9,100
10375,28,100
10380,5,100
10383,0,100
10392,29,100
10393,31,100
10394,4,100
10396,5,100
10398,13,100
10399,8,100
10403,9,100
10404,0,100
10405,19,100
10406,9,100
10407,12,100
10408,29,100
10409,22,100
10412,12,100
10414,9,100
10415,20,100
10417,24,100
10419,14,100
10421,20,100
10422,12,100
10424,4,100
10429,13,100
10430,23,100
10432,22,100
10434,20,100
10437,17,100
10438,7,100
10439,3,100
10440,13,100
10441,1,100
10443,21,100
10445,26,100
10448,20,100
10452,3,100
10453,7,100
10454,6,100
10457,26,100
10459,31,100
10460,0,100
10463,20,100
10464,31,100
10465,31,100
10469,4,100
10474,13,100
10475,26,100
10476,23,100
10477,12,100
10479,12,100
10483,14,100
10484,10,100
10493,24,100
10495,25,100
10496,19,100
10498,22,100
10499,1,100
10500,31,100
10501,21,100
10502,20,100
10504,14,100
10505,19,100
10506,25,100
10507,0,100
10508,19,100
10509,7,100
10512,25,100
10513,18,100
10520,4,100
10521,1,100
10524,23,100
10525,19,100
10527,25,100
10530,28,100
10531,18,100
10536,18,100
10538,1,100
10539,2,100
10540,12,100
10544,25,100
10548,21,100
10549,21,100
10550,6,100
10551,26,100
10552,31,100
10554,19,100
10560,20,100
10562,5,100
10563,21,100
10565,12,100
10566,24,100
10568,25,100
10569,31,100
10570,20,100
10571,24,100
10572,19,100
10573,21,100
10574,25,100
10575,25,100
10576,28,100
10577,19,100
10579,10,100
10580,6,100
10583,19,100
10585,22,100
10590,27,100
10591,20,100
10592,19,100
10593,21,100
10595,29,100
10597,19,100
10598,28,100
10600,20,100
10602,20,100
10604,18,100
10606,20,100
10608,6,100
10610,20,100
10611,6,100
10612,17,100
10614,17,100
10617,17,100
10618,21,100
10629,31,100
10630,25,100
10631,31,100
10632,23,100
10636,12,100
10639,14,100
10640,22,100
10641,10,100
10642,22,100
10643,29,100
10645,5,100
10646,28,100
10648,22,100
10649,25,100
10650,24,100
10653,22,100
10654,19,100
10656,13,100
10658,20,100
10659,12,100
10660,13,100
10661,22,100
10665,12,100
10666,19,100
10667,0,100
10668,7,100
10670,14,100
10671,16,100
10672,22,100
10673,22,100
10674,13,100
10675,24,100
10676,20,100
10678,10,100
10682,21,100
10684,1,100
10685,19,100
10688,29,100
10689,19,100
10690,22,100
10693,5,100
10694,13,100
10696,5,100
10697,13,100
10698,17,100
10700,5,100
10706,5,100
10708,4,100
10710,13,100
10713,5,100
10717,20,100
10720,19,100
10723,7,100
10724,2,100
10727,16,100
10730,24,100
10732,25,100
10733,28,100
10734,5,100
10735,17,100
10740,5,100
10741,5,100
10742,5,100
10743,17,100
10744,6,100
10746,13,100
10753,4,100
10755,8,100
10757,29,100
10758,6,100
10759,0,100
10761,19,100
10762,1,100
10765,28,100
10766,22,100
10767,29,100
10772,22,100
10774,2,100
10776,19,100
10777,2,100
10779,28,100
10783,17,100
10784,25,100
10787,7,100
10788,19,100
10791,0,100
10792,2,100
10793,27,100
10801,28,100
10802,29,100
10803,1,100
10804,29,100
10809,22,100
10810,1,100
10811,12,100
10812,14,100
10813,29,100
10815,4,100
10817,7,100
10820,20,100
10821,20,100
10823,2,100
10824,21,100
10825,25,100
10829,6,100
10831,14,100
10833,25,100
10835,17,100
10837,14,100
10838,17,100
10840,6,100
10841,8,100
10843,10,100
10848,13,100
10849,25,100
10850,1,100
10852,27,100
10853,28,100
10854,24,100
10855,19,100
10858,24,100
10859,28,100
10867,27,100
10869,24,100
10870,24,100
10871,19,100
10874,25,100
10876,25,100
10877,24,100
10880,6,100
10881,5,100
10882,8,100
10883,6,100
10885,4,100
10887,25,100
10888,6,100
10889,20,100
10893,13,100
10894,15,100
10897,25,100
10898,6,100
10899,13,100
10900,10,100
10901,13,100
10902,13,100
10903,1,100
10904,1,100
10905,8,100
10907,8,100
10912,6,100
10915,22,100
10917,5,100
10918,17,100
10919,13,100
10921,28,100
10923,8,100
10925,22,100
10926,13,100
10927,13,100
10930,24,100
10936,8,100
10941,6,100
10942,31,100
10945,29,100
10946,29,100
10947,28,100
10948,29,100
10949,24,100
10950,28,100
10953,25,100
10955,6,100
10958,0,100
10959,22,100
10961,27,100
10962,16,100
10963,15,100
10968,15,100
10969,25,100
10970,1,100
10972,14,100
10978,0,100
10979,28,100
10980,10,100
10981,25,100
10982,22,100
10984,0,100
10986,14,100
10989,1,100
10990,12,100
10992,6,100
10993,14,100
10996,18,100
10997,13,100
10999,13,100
11000,20,100
11003,18,100
11006,0,100
11008,13,100
11010,24,100
11011,16,100
11013,7,100
11014,0,100
11016,12,100
11019,19,100
11021,13,100
11024,10,100
11028,14,100
11030,8,100
11032,15,100
11035,0,100
11037,25,100
11038,27,100
11040,16,100
11041,28,100
11042,13,100
11043,12,100
11045,8,100
11047,19,100
11048,2,100
11050,24,100
11051,13,100
11052,11,100
11053,1,100
11056,15,100
11060,14,100
11061,9,100
11062,9,100
11065,9,100
11067,9,100
11069,9,100
11071,18,100
11072,9,100
11074,9,100
11076,9,100
11077,15,100
11078,0,100
11080,10,100
11081,18,100
11082,10,100
11083,15,100
11084,31,100
11086,12,100
11088,15,100
11089,1,100
11090,18,100
11092,22,100
11096,9,100
11097,7,100
11098,15,100
11099,18,100
11102,25,100
11103,20,100
11113,13,100
11114,7,100
11115,15,100
11118,25,100
11119,7,100
11121,0,100
11124,19,100
11125,22,100
11126,9,100
11128,22,100
11129,29,100
11131,12,100
11133,22,100
11134,20,100
11141,18,100
11142,11,100
11144,7,100
11145,31,100
11146,18,100
11147,25,100
11149,13,100
11150,9,100
11152,18,100
11153,18,100
11155,13,100
11159,18,100
11165,13,100
11168,13,100
11169,18,100
11172,24,100
11175,13,100
11177,17,100
11181,22,100
11186,31,100
11188,10,100
11189,10,100
11192,28,100
11193,2,100
11197,2,100
11199,20,100
11200,22,100
11201,19,100
11208,19,100
11209,5,100
11210,12,100
11212,22,100
11222,12,100
11224,24,100
11228,28,100
11234,25,100
11235,25,100
11236,25,100
11237,25,100
11239,25,100
11241,25,100
11245,11,100
11247,16,100
11248,28,100
11250,13,100
11253,7,100
11256,25,100
11257,11,100
11259,16,100
11261,8,100
11262,28,100
11265,9,100
11269,11,100
11270,25,100
11272,16,100
11275,24,100
11276,1,100
11280,9,100
11281,5,100
11285,6,100
11287,9,100
11288,6,100
11293,25,100
11295,27,100
11296,16,100
11298,28,100
11299,20,100
11306,6,100
11307,28,100
11310,20,100
11312,9,100
11313,9,100
11316,20,100
11317,9,100
11321,26,100
11327,18,100
11331,18,100
11335,14,100
11336,7,100
11337,21,100
11342,7,100
11343,7,100
11348,1,100
11359,9,100
11361,20,100
11362,9,100
11363,22,100
11364,13,100
11365,22,100
11368,31,100
11370,7,100
11371,6,100
11372,19,100
11373,5,100
11374,20,100
11375,24,100
11376,5,100
11378,7,100
11379,26,100
11380,29,100
11383,24,100
11384,4,100
11385,14,100
11386,9,100
11387,5,100
11392,25,100
11393,1,100
11396,13,100
11400,1,100
11401,25,100
11402,6,100
11404,1,100
11405,1,100
11407,23,100
11409,5,100
11413,1,100
11417,30,100
11418,25,100
11420,3,100
11421,29,100
11424,28,100
11425,25,100
11428,5,100
11429,21,100
11432,14,100
11435,17,100
11436,17,100
11445,6,100
11446,21,100
11449,24,100
11451,4,100
11453,29,100
11454,21,100
11455,10,100
11458,14,100
11459,15,100
11461,21,100
11464,26,100
11466,25,100
11468,11,100
11469,0,100
11471,27,100
11477,10,100
11478,23,100
11479,4,100
11482,23,100
11483,23,100
11484,25,100
11486,25,100
11487,11,100
11488,21,100
11490,0,100
11491,22,100
11493,12,100
11494,12,100
11495,27,100
11496,16,100
11497,10,100
11499,23,100
11500,4,100
11501,13,100
11504,24,100
11505,14,100
11507,17,100
11508,21,100
11511,8,100
11512,0,100
11514,31,100
11515,31,100
11518,16,100
11520,4,100
11521,21,100
11524,0,100
11525,10,100
11527,14,100
11529,11,100
11530,25,100
11533,28,100
11535,21,100
11538,24,100
11540,23,100
11541,6,100
11542,0,100
11546,27,100
11547,16,100
11548,22,100
11550,14,100
11553,7,100
11554,0,100
11557,27,100
11558,16,100
11562,7,100
11566,28,100
11567,25,100
11570,26,100
11572,11,100
11576,26,100
11578,16,100
11579,25,100
11581,7,100
11582,11,100
11583,21,100
11585,14,100
11587,19,100
11588,0,100
11589,4,100
11591,25,100
11594,21,100
11597,6,100
11599,11,100
11601,1,100
11604,6,100
11605,17,100
11607,24,100
11608,24,100
11610,19,100
11614,1,100
11615,1,100
11616,6,100
11617,14,100
11619,17,100
11622,17,100
11623,1,100
11625,4,100
11626,6,100
11627,14,100
11632,16,100
11633,13,100
11634,14,100
11636,22,100
11639,17,100
11642,21,100
11643,14,100
11644,6,100
11645,14,100
11647,14,100
11649,11,100
11650,6,100
11652,24,100
11657,2,100
11658,14,100
11659,24,100
11661,6,100
11665,26,100
11666,11,100
11667,25,100
11668,15,100
11670,6,100
11671,0,100
11673,6,100
11678,11,100
11680,22,100
11681,19,100
11685,25,100
11686,27,100
11687,16,100
11689,26,100
11691,10,100
11692,14,100
11699,27,100
11700,16,100
11701,20,100
11702,24,100
11705,27,100
11707,29,100
11708,11,100
11710,8,100
11711,8,100
11712,13,100
11713,24,100
11714,4,100
11716,14,100
11719,7,100
11720,16,100
11723,14,100
11724,25,100
11725,23,100
11727,11,100
11728,8,100
11729,21,100
11730,0,100
11732,27,100
11733,16,100
11734,26,100
11735,25,100
11737,21,100
11742,25,100
11744,16,100
11746,15,100
11747,11,100
11749,24,100
11750,9,100
11751,10,100
11753,20,100
11754,1,100
11756,25,100
11757,14,100
11758,29,100
11759,18,100
11761,12,100
11762,8,100
11763,20,100
11764,22,100
11765,22,100
11771,10,100
11773,25,100
11776,9,100
11777,9,100
11778,9,100
11779,19,100
11782,22,100
11784,21,100
11786,24,100
11787,18,100
11789,18,100
11790,18,100
11791,18,100
11792,18,100
11793,18,100
11794,25,100
11796,18,100
11798,18,100
11799,24,100
11800,18,100
11803,19,100
11806,18,100
11812,22,100
11813,6,100
11815,10,100
11816,14,100
11818,21,100
11820,18,100
11821,9,100
11822,10,100
11823,5,100
11824,10,100
11827,18,100
11832,17,100
11833,25,100
11834,10,100
11835,3,100
11836,3,100
11838,3,100
11839,25,100
11841,3,100
11846,5,100
11847,14,100
11848,6,100
11852,14,100
11854,4,100
11855,10,100
11856,17,100
11860,0,100
11861,19,100
11863,7,100
11866,27,100
11867,16,100
11868,1,100
11872,1,100
11873,4,100
11875,28,100
11876,14,100
11877,13,100
11878,1,100
11886,17,100
11887,11,100
11888,0,100
11890,1,100
11893,27,100
11894,3,100
11895,25,100
11896,1,100
11897,25,100
11898,19,100
11902,28,100
11903,28,100
11904,0,100
11906,3,100
11909,27,100
11910,3,100
11911,17,100
11912,4,100
11914,28,100
11915,24,100
11916,11,100
11919,25,100
11921,24,100
11922,15,100
11923,18,100
11925,1,100
11926,0,100
11927,11,100
11930,19,100
11931,7,100
11933,27,100
11934,16,100
11940,25,100
11941,27,100
11942,16,100
11943,24,100
11946,20,100
11947,10,100
11948,8,100
11949,14,100
11951,10,100
11956,14,100
11958,22,100
11959,0,100
11960,21,100
11961,21,100
11965,11,100
11966,19,100
11967,27,100
11968,16,100
11970,21,100
11972,15,100
11976,4,100
11977,21,100
11978,20,100
11979,0,100
11980,19,100
11982,18,100
11983,11,100
11985,16,100
11986,22,100
11987,6,100
11988,28,100
11993,8,100
11995,21,100
12000,3,100
12001,22,100
12004,4,100
12005,14,100
12007,21,100
12009,15,100
12019,22,100
12024,22,100
12030,0,100
12033,25,100
12035,16,100
12036,13,100
12037,29,100
12038,15,100
12040,8,100
12042,14,100
12044,28,100
12046,19,100
12047,0,100
12048,19,100
12049,0,100
12051,0,100
12052,27,100
12053,16,100
12060,6,100
12063,6,100
12064,21,100
12065,0,100
12066,25,100
12067,25,100
12070,24,100
12071,15,100
12073,29,100
12074,8,100
12075,31,100
12077,29,100
12078,24,100
12079,7,100
12080,29,100
12081,28,100
12082,21,100
12083,21,100
12085,10,100
12088,7,100
12090,10,100
12091,26,100
12102,29,100
12103,4,100
12106,22,100
12107,25,100
12110,13,100
12111,7,100
12114,15,100
12116,19,100
12119,21,100
12123,12,100
12125,16,100
12127,22,100
12131,7,100
12132,12,100
12136,27,100
12139,25,100
12140,25,100
12141,27,100
12142,16,100
12143,28,100
12144,22,100
12147,22,100
12148,9,100
12153,7,100
12154,15,100
12156,9,100
12159,9,100
12160,28,100
12162,9,100
12163,9,100
12165,9,100
12166,15,100
12169,15,100
12172,12,100
12173,7,100
12174,29,100
12176,18,100
12179,15,100
12181,15,100
12184,14,100
12186,14,100
12187,22,100
12189,18,100
12195,7,100
12200,3,100
12203,12,100
12212,3,100
12214,18,100
12215,25,100
12216,18,100
12222,18,100
12223,12,100
12225,18,100
12229,12,100
12233,9,100
12234,13,100
12235,13,100
12238,7,100
12240,13,100
12241,9,100
12243,14,100
12244,25,100
12246,24,100
12248,6,100
12250,25,100
12252,19,100
12255,25,100
12256,25,100
12257,14,100
12258,24,100
12260,4,100
12261,10,100
12262,20,100
12263,13,100
12265,13,100
12266,25,100
12267,14,100
12269,10,100
12273,13,100
12274,21,100
12275,22,100
12276,14,100
12277,25,100
12278,6,100
12282,0,100
12283,3,100
12284,1,100
12285,2,100
12290,28,100
12293,21,100
12294,14,100
12295,4,100
12296,14,100
12298,10,100
12301,6,100
12302,24,100
12307,10,100
12308,11,100
12309,8,100
12310,8,100
12311,25,100
12312,14,100
12314,10,100
12316,15,100
12319,0,100
12320,15,100
12321,15,100
12322,22,100
12325,0,100
12327,28,100
12330,7,100
12331,8,100
12334,12,100
12335,14,100
12339,13,100
12341,18,100
12345,14,100
12346,4,100
12347,20,100
12348,5,100
12351,22,100
12353,6,100
12354,8,100
12355,8,100
12357,31,100
12358,22,100
12362,26,100
12364,31,100
12367,1,100
12368,24,100
12371,11,100
12373,8,100
12375,10,100
12376,11,100
12378,21,100
12381,15,100
12382,15,100
12383,3,100
12385,7,100
12386,15,100
12387,7,100
12388,28,100
12389,0,100
12393,15,100
12395,8,100
12396,8,100
12399,10,100
12400,18,100
12401,18,100
12403,10,100
12406,22,100
12407,3,100
12408,10,100
12409,13,100
12414,3,100
12418,22,100
12421,3,100
12422,15,100
12423,0,100
12424,22,100
12426,22,100
12428,25,100
12429,27,100
12430,16,100
12431,12,100
12432,14,100
12433,22,100
12435,21,100
12436,0,100
12439,18,100
12440,6,100
12443,18,100
12445,18,100
12447,22,100
12448,22,100
12450,15,100
12452,0,100
12455,3,100
12456,15,100
12457,22,100
12462,20,100
12465,19,100
12469,12,100
12471,9,100
12472,0,100
12474,9,100
12475,12,100
12476,4,100
12477,14,100
12478,21,100
12479,10,100
12480,13,100
12481,3,100
12482,15,100
12484,0,100
12486,0,100
12487,7,100
12488,22,100
12489,0,100
12490,7,100
12492,22,100
12495,22,100
12496,15,100
12498,22,100
12499,15,100
12503,22,100
12504,15,100
12506,5,100
12508,15,100
12510,28,100
12511,3,100
12514,8,100
12518,18,100
12520,22,100
12522,12,100
12523,6,100
12524,26,100
12526,7,100
12527,0,100
12528,12,100
12529,15,100
12530,15,100
12532,12,100
12533,20,100
12535,14,100
12539,18,100
12541,25,100
12542,12,100
12543,18,100
12544,18,100
12545,22,100
12547,25,100
12548,13,100
12551,12,100
12553,22,100
12555,9,100
12557,13,100
12558,15,100
12560,14,100
12562,22,100
12566,0,100
12570,20,100
12574,22,100
12575,12,100
12576,0,100
12577,0,100
12579,9,100
12580,22,100
12581,18,100
12582,9,100
12584,15,100
12585,25,100
12586,0,100
12590,9,100
12592,8,100
12593,8,100
12594,18,100
12596,10,100
12597,18,100
12599,8,100
12600,8,100
12601,18,100
12603,25,100
12604,11,100
12606,18,100
12608,10,100
12610,31,100
12611,11,100
12613,0,100
12616,0,100
12617,0,100
12618,0,100
12619,20,100
12621,15,100
12622,22,100
12623,9,100
12627,18,100
12628,18,100
12630,18,100
12633,12,100
12634,15,100
12635,12,100
12639,18,100
12640,18,100
12641,15,100
12642,0,100
12643,22,100
12645,22,100
12646,0,100
12649,22,100
12650,18,100
12652,18,100
12653,18,100
12655,1,100
12656,18,100
12658,11,100
12659,22,100
12662,25,100
12667,31,100
12668,18,100
12670,18,100
12672,18,100
12677,18,100
12678,13,100
12680,8,100
12681,22,100
12682,21,100
12684,3,100
12687,13,100
12689,15,100
12690,18,100
12691,18,100
12692,15,100
12694,7,100
12695,22,100
12701,18,100
12702,18,100
12707,18,100
12708,22,100
12709,26,100
12711,18,100
12714,19,100
12717,3,100
12718,25,100
12723,18,100
12724,10,100
12725,24,100
12727,18,100
12728,20,100
12731,18,100
12732,13,100
12733,13,100
12734,18,100
12739,13,100
12743,18,100
12745,18,100
12749,24,100
12750,28,100
12751,7,100
12752,18,100
12753,12,100
12757,18,100
12758,18,100
12760,14,100
12761,8,100
12769,18,100
12772,11,100
12774,8,100
12775,19,100
12779,21,100
12783,1,100
12784,18,100
12786,15,100
12788,24,100
12789,18,100
12790,21,100
12791,14,100
12792,18,100
12794,19,100
12796,12,100
12797,14,100
12799,25,100
12800,25,100
12801,15,100
12802,25,100
12804,18,100
12806,12,100
12807,13,100
12808,20,100
12811,18,100
12814,24,100
12820,18,100
12824,18,100
12825,22,100
12826,18,100
12827,28,100
12829,15,100
12830,15,100
12831,13,100
12837,18,100
12840,18,100
12844,18,100
12845,18,100
12847,31,100
12848,12,100
12852,12,100
12853,15,100
12858,18,100
12862,15,100
12868,8,100
12871,18,100
12878,0,100
12883,30,100
12885,25,100
12887,18,100
12889,18,100
12890,26,100
12892,28,100
12894,22,100
12895,7,100
12896,6,100
12897,18,100
12898,28,100
12899,18,100
12900,12,100
12902,18,100
12908,5,100
12909,5,100
12912,7,100
12913,29,100
12925,29,100
12928,29,100
12931,22,100
12932,10,100
12933,26,100
12934,0,100
12936,27,100
12942,0,100
12944,19,100
12945,27,100
12946,2,100
12948,2,100
12950,11,100
12951,3,100
12954,28,100
12955,19,100
12956,22,100
12957,2,100
12958,19,100
12959,2,100
12961,5,100
12962,13,100
12964,5,100
12966,19,100
12967,25,100
12969,5,100
12970,5,100
12972,19,100
12977,5,100
12978,5,100
12981,19,100
12982,2,100
12983,19,100
12986,21,100
12990,7,100
12993,19,100
12994,0,100
12995,2,100
12997,7,100
12998,27,100
13001,29,100
13002,11,100
13004,21,100
13005,24,100
13006,28,100
13007,25,100
13009,19,100
13010,29,100
13013,4,100
13017,21,100
13019,21,100
13022,0,100
13023,19,100
13024,27,100
13027,14,100
13032,19,100
13033,16,100
13036,10,100
13037,10,100
13038,30,100
13039,11,100
13041,0,100
13043,11,100
13044,16,100
13047,6,100
13048,4,100
13051,22,100
13053,0,100
13055,11,100
13058,2,100
13067,0,100
13069,11,100
13072,26,100
13073,25,100
13075,19,100
13076,19,100
13077,1,100
13080,18,100
13081,13,100
13082,1,100
13083,19,100
13085,19,100
13086,19,100
13087,28,100
13089,4,100
13090,19,100
13093,27,100
13094,13,100
13098,28,100
13099,27,100
13108,31,100
13109,28,100
13110,1,100
13113,22,100
13114,15,100
13119,24,100
13121,31,100
13122,3,100
13124,0,100
13125,19,100
13126,29,100
13129,0,100
13130,19,100
13131,2,100
13132,4,100
13134,19,100
13135,29,100
13136,0,100
13137,25,100
13141,29,100
13143,19,100
13145,0,100
13147,0,100
13148,4,100
13150,19,100
13151,29,100
13152,13,100
13154,0,100
13158,13,100
13159,6,100
13164,19,100
13165,0,100
13166,19,100
13168,19,100
13171,18,100
13175,8,100
13178,13,100
13179,13,100
13183,13,100
13184,24,100
13187,8,100
13190,3,100
13191,8,100
13195,4,100
13197,10,100
13198,10,100
13202,10,100
13203,22,100
13205,28,100
13206,28,100
13207,5,100
13208,6,100
13211,31,100
13212,4,100
13215,26,100
13216,31,100
13221,28,100
13228,19,100
13232,19,100
13235,31,100
13238,14,100
13240,13,100
13242,19,100
13244,13,100
13245,17,100
13247,3,100
13249,25,100
13250,13,100
13252,17,100
13253,5,100
13254,22,100
13257,13,100
13258,17,100
13260,3,100
13263,19,100
13267,17,100
13270,17,100
13274,25,100
13278,13,100
13279,28,100
13282,16,100
13287,19,100
13289,21,100
13290,15,100
13291,14,100
13294,14,100
13295,20,100
13296,31,100
13297,14,100
13301,17,100
13304,10,100
13308,8,100
13309,0,100
13312,19,100
13314,17,100
13316,25,100
13318,12,100
13320,20,100
13321,21,100
13323,21,100
13325,31,100
13326,20,100
13327,4,100
13330,22,100
13337,6,100
13340,14,100
13342,21,100
13343,21,100
13344,0,100
13345,27,100
13352,7,100
13355,28,100
13358,8,100
13359,13,100
13361,22,100
13363,13,100
13364,14,100
13367,8,100
13370,13,100
13371,4,100
13373,15,100
13375,1,100
13378,25,100
13379,22,100
13380,22,100
13387,27,100
13388,16,100
13389,15,100
13391,22,100
13393,15,100
13396,15,100
13398,15,100
13399,20,100
13400,8,100
13401,14,100
13402,10,100
13404,10,100
13407,22,100
13408,22,100
13411,10,100
13413,0,100
13415,16,100
13420,14,100
13422,31,100
13424,10,100
13425,13,100
13426,14,100
13431,14,100
13433,20,100
13434,4,100
13436,20,100
13437,1,100
13438,3,100
13439,0,100
13441,16,100
13442,10,100
13443,26,100
13446,31,100
13447,28,100
13451,28,100
13452,7,100
13458,27,100
13459,16,100
13461,28,100
13464,5,100
13465,13,100
13466,0,100
13468,27,100
13469,16,100
13471,24,100
13474,3,100
13476,19,100
13477,10,100
13479,3,100
13480,13,100
13481,14,100
13482,19,100
13484,28,100
13486,17,100
13491,25,100
13492,14,100
13495,21,100
13497,21,100
13498,14,100
13504,4,100
13505,22,100
13506,8,100
13509,31,100
13511,14,100
13512,22,100
13516,4,100
13517,6,100
13519,4,100
13521,26,100
13523,6,100
13524,29,100
13525,10,100
13526,8,100
13529,7,100
13530,8,100
13534,4,100
13535,12,100
13540,10,100
13542,4,100
13547,29,100
13548,29,100
13551,5,100
13552,26,100
13556,19,100
13557,5,100
13558,12,100
13559,26,100
13560,1,100
13561,22,100
13563,10,100
13564,31,100
13567,7,100
13568,14,100
13572,26,100
13575,26,100
13577,5,100
13579,22,100
13581,12,100
13585,8,100
13586,7,100
13588,8,100
13592,8,100
13593,8,100
13596,29,100
13597,14,100
13599,20,100
13600,29,100
13605,10,100
13609,29,100
13611,19,100
13614,12,100
13618,31,100
13619,0,100
13620,13,100
13622,29,100
13623,13,100
13624,25,100
13625,13,100
13626,29,100
13630,18,100
13631,10,100
13634,5,100
13636,18,100
13641,18,100
13642,14,100
13643,22,100
13644,10,100
13645,19,100
13647,13,100
13649,5,100
13650,15,100
13651,18,100
13653,8,100
13655,30,100
13658,18,100
13659,2,100
13661,23,100
13662,7,100
13664,19,100
13667,8,100
13670,25,100
13671,8,100
13674,8,100
13675,18,100
13676,8,100
13678,19,100
13681,21,100
13683,18,100
13684,18,100
13685,29,100
13688,13,100
13694,18,100
13695,6,100
13697,8,100
13701,18,100
13702,18,100
13705,19,100
13709,10,100
13710,14,100
13711,29,100
13712,10,100
13715,10,100
13716,29,100
13717,5,100
13719,25,100
13721,19,100
13722,19,100
13723,18,100
13724,8,100
13726,25,100
13734,25,100
13735,18,100
13737,1,100
13738,18,100
13741,5,100
13742,4,100
13744,19,100
13745,25,100
13748,20,100
13751,24,100
13752,25,100
13756,18,100
13757,18,100
13759,18,100
13765,8,100
13768,18,100
13770,18,100
13773,18,100
13774,12,100
13775,18,100
13778,18,100
13779,24,100
13781,18,100
13787,26,100
13788,7,100
13791,7,100
13793,5,100
13797,26,100
13799,6,100
13800,8,100
13801,26,100
13802,17,100
13804,19,100
13809,22,100
13810,3,100
13811,22,100
13812,17,100
13813,17,100
13814,17,100
13815,22,100
13816,20,100
13817,25,100
13818,22,100
13819,23,100
13821,17,100
13822,17,100
13824,15,100
13826,27,100
13828,6,100
13835,8,100
13836,10,100
13838,25,100
13839,25,100
13840,14,100
13842,16,100
13845,4,100
13848,25,100
13852,22,100
13853,29,100
13856,13,100
13858,15,100
13863,0,100
13864,27,100
13865,28,100
13868,25,100
13873,14,100
13876,4,100
13879,27,100
13881,1,100
13883,5,100
13884,28,100
13888,5,100
13889,4,100
13892,3,100
13895,25,100
13896,14,100
13897,5,100
13899,1,100
13902,5,100
13903,28,100
13904,21,100
13905,7,100
13906,30,100
13911,12,100
13912,14,100
13914,5,100
13915,13,100
13922,5,100
13923,5,100
13924,4,100
13925,26,100
13927,5,100
13928,1,100
13929,1,100
13930,29,100
13931,7,100
13932,5,100
13933,22,100
13935,13,100
13938,5,100
13939,13,100
13940,13,100
13941,5,100
13942,0,100
13943,19,100
13945,16,100
13946,5,100
13948,20,100
13949,1,100
13951,13,100
13953,5,100
13954,1,100
13955,19,100
13956,22,100
13957,1,100
13958,22,100
13959,5,100
13961,5,100
13962,13,100
13964,14,100
13966,24,100
13968,0,100
13969,7,100
13970,19,100
13972,16,100
13973,14,100
13974,22,100
13976,20,100
13977,4,100
13980,10,100
13981,23,100
13983,28,100
13992,28,100
13993,28,100
13995,17,100
14000,14,100
14001,17,100
14004,28,100
14005,17,100
14006,17,100
14007,17,100
14009,21,100
14010,15,100
14013,22,100
14014,13,100
14018,0,100
14019,8,100
14023,17,100
14025,17,100
14029,31,100
14032,17,100
14033,5,100
14034,5,100
14036,21,100
14038,7,100
14041,6,100
14042,29,100
14043,13,100
14044,13,100
14046,17,100
14047,6,100
14049,1,100
14050,0,100
14051,15,100
14054,7,100
14061,13,100
14062,5,100
14064,14,100
14069,25,100
14070,25,100
14074,13,100
14076,31,100
14077,7,100
14081,14,100
14083,29,100
14084,13,100
14085,6,100
14086,24,100
14087,8,100
14090,29,100
14091,22,100
14094,4,100
14095,20,100
14097,25,100
14098,25,100
14104,27,100
14106,6,100
14107,25,100
14108,25,100
14109,25,100
14111,1,100
14112,1,100
14113,21,100
14114,18,100
14115,12,100
14117,31,100
14119,22,100
14120,23,100
14121,21,100
14124,13,100
14127,31,100
14128,24,100
14129,15,100
14131,22,100
14132,25,100
14136,25,100
14137,12,100
14139,15,100
14140,14,100
14142,12,100
14144,3,100
14145,31,100
14146,27,100
14148,16,100
14149,9,100
14151,3,100
14152,14,100
14154,1,100
14157,31,100
14158,0,100
14159,0,100
14161,24,100
14162,15,100
14164,16,100
14165,4,100
14167,22,100
14168,6,100
14169,18,100
14170,22,100
14173,1,100
14174,29,100
14180,9,100
14181,20,100
14182,20,100
14183,10,100
14185,9,100
14187,22,100
14188,0,100
14189,20,100
14192,9,100
14194,22,100
14195,22,100
14196,1,100
14200,22,100
14204,14,100
14208,12,100
14212,18,100
14215,10,100
14217,30,100
14218,30,100
14222,8,100
14224,30,100
14225,18,100
14228,30,100
14229,1,100
14230,15,100
14231,22,100
14233,3,100
14236,15,100
14237,18,100
14238,18,100
14240,1,100
14241,15,100
14243,15,100
14246,18,100
14247,20,100
14252,18,100
14253,12,100
14254,18,100
14258,31,100
14259,25,100
14261,3,100
14264,18,100
14267,8,100
14268,10,100
14273,13,100
14275,13,100
14276,13,100
14277,13,100
14278,13,100
14283,24,100
14286,4,100
14290,18,100
14293,1,100
14294,14,100
14295,21,100
14296,21,100
14297,7,100
14298,23,100
14300,8,100
14301,21,100
14302,29,100
14303,29,100
14304,22,100
14305,29,100
14310,20,100
14311,13,100
14313,22,100
14314,12,100
14315,20,100
14317,13,100
14320,19,100
14321,13,100
14326,10,100
14329,29,100
14330,4,100
14336,4,100
14338,1,100
14339,20,100
14340,4,100
14343,12,100
14344,22,100
14346,1,100
14347,22,100
14348,29,100
14354,31,100
14355,17,100
14359,25,100
14360,1,100
14361,15,100
14363,1,100
14364,12,100
14365,20,100
14366,29,100
14369,29,100
14370,29,100
14375,4,100
14377,18,100
14381,23,100
14383,31,100
14384,12,100
14386,22,100
14391,17,100
14392,1,100
14394,6,100
14395,27,100
14398,10,100
14399,25,100
14401,13,100
14402,20,100
14405,13,100
14406,29,100
14408,19,100
14409,27,100
14411,2,100
14415,29,100
14416,29,100
14419,24,100
14420,4,100
14421,1,100
14422,25,100
14423,25,100
14424,24,100
14427,18,100
14430,21,100
14431,4,100
14435,22,100
14437,2,100
14438,19,100
14441,15,100
14442,0,100
14445,16,100
14446,25,100
14447,29,100
14448,6,100
14452,29,100
14455,29,100
14458,5,100
14459,29,100
14461,29,100
14463,29,100
14467,25,100
14468,8,100
14471,29,100
14473,8,100
14474,13,100
14475,7,100
14477,1,100
14479,4,100
14483,29,100
14485,25,100
14486,6,100
14487,15,100
14488,7,100
14490,27,100
14491,16,100
14492,19,100
14493,29,100
14494,25,100
14495,1,100
14496,28,100
14499,18,100
14500,4,100
14502,29,100
14503,24,100
14504,27,100
14510,26,100
14511,28,100
14512,10,100
14513,14,100
14514,29,100
14516,27,100
14518,27,100
14519,1,100
14521,29,100
14522,1,100
14523,7,100
14524,29,100
14527,24,100
14528,19,100
14529,20,100
14531,5,100
14534,25,100
14535,27,100
14536,16,100
14541,21,100
14543,19,100
14544,19,100
14545,4,100
14552,20,100
14554,12,100
14555,26,100
14556,18,100
14561,2,100
14562,29,100
14564,8,100
14565,21,100
14569,8,100
14572,29,100
14573,29,100
14575,21,100
14576,21,100
14579,2,100
14583,25,100
14592,29,100
14593,4,100
14594,7,100
14595,24,100
14599,18,100
14600,14,100
14603,19,100
14604,10,100
14606,4,100
14607,29,100
14608,29,100
14609,15,100
14611,2,100
14613,6,100
14614,29,100
14615,1,100
14617,27,100
14619,1,100
14622,4,100
14623,25,100
14624,1,100
14625,10,100
14630,14,100
14634,25,100
14636,19,100
14637,14,100
14638,27,100
14640,1,100
14643,4,100
14644,13,100
14649,10,100
14651,12,100
14653,29,100
14654,18,100
14655,13,100
14657,31,100
14660,19,100
14663,22,100
14664,29,100
14667,2,100
14668,26,100
14670,6,100
14672,2,100
14673,20,100
14675,6,100
14680,1,100
14682,15,100
14689,12,100
14696,1,100
14697,10,100
14701,2,100
14704,4,100
14707,8,100
14710,25,100
14711,10,100
14712,1,100
14713,1,100
14717,13,100
14720,22,100
14721,1,100
14723,29,100
14724,5,100
14726,3,100
14727,24,100
14729,1,100
14730,8,100
14731,8,100
14733,7,100
14734,13,100
14736,25,100
14737,12,100
14740,1,100
14741,29,100
14752,20,100
14753,12,100
14755,15,100
14757,15,100
14759,4,100
14762,1,100
14763,22,100
14766,10,100
14767,1,100
14768,29,100
14769,29,100
14771,19,100
14773,29,100
14775,6,100
14777,2,100
14778,4,100
14784,6,100
14785,1,100
14790,31,100
14791,7,100
14792,30,100
14793,25,100
14796,10,100
14797,31,100
14798,31,100
14801,24,100
14804,1,100
14805,17,100
14806,13,100
14808,4,100
14809,4,100
14811,13,100
14813,5,100
14815,4,100
14816,13,100
14818,4,100
14820,1,100
14824,8,100
14825,8,100
14827,26,100
14829,25,100
14830,1,100
14831,31,100
14832,29,100
14839,4,100
14841,25,100
14844,8,100
14845,8,100
14846,24,100
14848,10,100
14850,24,100
14851,10,100
14854,25,100
14856,24,100
14857,28,100
14858,6,100
14861,24,100
14863,28,100
14865,6,100
14868,10,100
14869,19,100
14871,1,100
14872,24,100
14875,14,100
14879,25,100
14881,25,100
14882,4,100
14883,17,100
14884,17,100
14885,17,100
14886,17,100
14888,13,100
14889,23,100
14893,17,100
14894,23,100
14895,4,100
14896,10,100
14899,18,100
14900,17,100
14902,0,100
14904,19,100
14906,14,100
14910,0,100
14911,19,100
14912,27,100
14913,17,100
14916,13,100
14917,24,100
14918,24,100
14920,22,100
14921,14,100
14926,3,100
14930,7,100
14933,7,100
14934,3,100
14936,6,100
14938,3,100
14942,3,100
14943,3,100
14944,7,100
14945,3,100
14946,3,100
14948,0,100
14949,3,100
14951,3,100
14952,21,100
14956,4,100
14957,10,100
14958,25,100
14960,1,100
14964,21,100
14965,25,100
14966,24,100
14967,0,100
14968,19,100
14969,13,100
14972,15,100
14976,19,100
14980,19,100
14981,3,100
14982,27,100
14983,16,100
14984,20,100
14986,22,100
14993,7,100
14994,27,100
14996,23,100
14998,0,100
15000,19,100
15001,2,100
15002,16,100
15004,13,100
15005,23,100
15006,22,100
15010,0,100
15012,27,100
15013,16,100
15016,25,100
15017,17,100
15019,19,100
15022,10,100
15023,24,100
15024,5,100
15026,29,100
15028,23,100
15030,22,100
15033,29,100
15035,28,100
15039,0,100
15041,27,100
15042,16,100
15044,17,100
15045,17,100
15047,28,100
15054,27,100
15056,25,100
15057,10,100
15061,25,100
15062,0,100
15067,5,100
15069,25,100
15071,25,100
15074,16,100
15075,0,100
15081,25,100
15083,14,100
15084,10,100
15085,1,100
15087,21,100
15093,29,100
15099,25,100
15101,7,100
15102,0,100
15108,14,100
15110,0,100
15112,8,100
15113,10,100
15114,9,100
15117,15,100
15118,2,100
15119,22,100
15122,22,100
15124,22,100
15125,22,100
15127,22,100
15129,9,100
15130,9,100
15131,9,100
15132,9,100
15134,1,100
15135,9,100
15137,9,100
15138,9,100
15139,24,100
15142,7,100
15143,22,100
15145,22,100
15146,20,100
15147,31,100
15148,22,100
15149,22,100
15152,22,100
15153,22,100
15155,9,100
15156,14,100
15157,28,100
15159,15,100
15163,3,100
15165,13,100
15170,28,100
15172,20,100
15176,9,100
15177,19,100
15179,19,100
15181,10,100
15182,22,100
15183,9,100
15184,25,100
15186,17,100
15189,4,100
15190,1,100
15191,6,100
15192,6,100
15194,17,100
15196,6,100
15197,17,100
15199,3,100
15200,15,100
15204,22,100
15206,13,100
15207,17,100
15208,17,100
15214,27,100
15215,16,100
15217,24,100
15219,24,100
15222,1,100
15226,6,100
15230,15,100
15235,30,100
15236,19,100
15237,3,100
15241,24,100
15242,15,100
15243,31,100
15244,15,100
15247,18,100
15249,23,100
15252,27,100
15253,15,100
15255,31,100
15257,25,100
15260,24,100
15262,20,100
15267,3,100
15268,27,100
15269,16,100
15272,25,100
15273,25,100
15274,26,100
15275,4,100
15276,7,100
15277,25,100
15278,22,100
15279,0,100
15280,0,100
15281,27,100
15283,31,100
15284,4,100
15286,7,100
15287,25,100
15288,14,100
15291,10,100
15292,20,100
15294,26,100
15296,25,100
15301,27,100
15302,26,100
15308,25,100
15310,24,100
15312,6,100
15315,13,100
15318,10,100
15320,6,100
15321,15,100
15323,3,100
15325,8,100
15331,29,100
15333,8,100
15334,8,100
15337,23,100
15340,29,100
15341,3,100
15342,19,100
15343,6,100
15346,29,100
15347,17,100
15348,7,100
15351,20,100
15354,6,100
15355,29,100
15356,29,100
15359,8,100
15363,20,100
15364,6,100
15365,8,100
15368,22,100
15370,20,100
15371,24,100
15374,29,100
15377,8,100
15381,19,100
15382,7,100
15384,10,100
15387,16,100
15388,3,100
15391,15,100
15392,6,100
15393,0,100
15394,31,100
15397,6,100
15399,20,100
15403,22,100
15404,22,100
15410,8,100
15415,22,100
15420,20,100
15423,23,100
15424,24,100
15425,20,100
15429,13,100
15433,3,100
15435,27,100
15440,22,100
15441,8,100
15442,29,100
15443,13,100
15444,14,100
15446,29,100
15447,8,100
15448,4,100
15450,4,100
15460,29,100
15462,29,100
15463,13,100
15464,14,100
15465,8,100
15466,6,100
15469,29,100
15470,22,100
15471,13,100
15472,3,100
15474,0,100
15476,3,100
15477,27,100
15478,21,100
15480,22,100
15482,8,100
15483,20,100
15484,10,100
15486,28,100
15488,20,100
15490,14,100
15492,22,100
15495,28,100
15496,18,100
15497,3,100
15499,19,100
15501,16,100
15502,21,100
15506,8,100
15509,21,100
15513,17,100
15514,14,100
15517,21,100
15518,3,100
15519,17,100
15520,0,100
15521,19,100
15525,16,100
15527,25,100
15528,8,100
15530,1,100
15531,1,100
15532,19,100
15533,25,100
15536,5,100
15537,10,100
15538,25,100
15539,22,100
15541,14,100
15543,8,100
15545,7,100
15547,14,100
15548,4,100
15550,29,100
15551,8,100
15557,22,100
15560,7,100
15561,19,100
15562,26,100
15564,14,100
15570,25,100
15571,6,100
15572,24,100
15575,10,100
15576,3,100
15578,19,100
15579,29,100
15580,27,100
15585,4,100
15587,29,100
15593,7,100
15595,3,100
15597,18,100
15598,3,100
15599,25,100
15602,17,100
15603,19,100
15606,5,100
15607,12,100
15608,8,100
15610,5,100
15612,17,100
15613,25,100
15614,17,100
15617,0,100
15618,27,100
15621,1,100
15623,17,100
15625,28,100
15626,6,100
15632,24,100
15633,31,100
15635,25,100
15639,15,100
15644,9,100
15647,15,100
15651,25,100
15654,18,100
15655,18,100
15662,31,100
15663,22,100
15664,18,100
15666,22,100
15669,18,100
15671,18,100
15672,10,100
15673,24,100
15677,0,100
15678,0,100
15679,8,100
15680,9,100
15681,25,100
15682,8,100
15683,15,100
15686,26,100
15687,18,100
15691,1,100
15692,20,100
15693,21,100
15694,15,100
15695,18,100
15697,9,100
15699,18,100
15702,18,100
15703,18,100
15709,9,100
15710,21,100
15711,1,100
15713,1,100
15714,19,100
15715,17,100
15717,10,100
15719,17,100
15720,17,100
15721,17,100
15722,17,100
15723,26,100
15724,17,100
15725,17,100
15726,17,100
15727,17,100
15731,17,100
15736,14,100
15741,1,100
15742,17,100
15743,23,100
15744,17,100
15745,13,100
15746,17,100
15750,17,100
15752,14,100
15753,17,100
15755,29,100
15756,17,100
15757,14,100
15759,17,100
15760,17,100
15761,8,100
15763,17,100
15766,10,100
15767,17,100
15769,8,100
15774,17,100
15776,23,100
15777,4,100
15780,14,100
15781,10,100
15785,2,100
15786,21,100
15790,4,100
15794,19,100
15796,14,100
15798,18,100
15799,10,100
15803,17,100
15806,17,100
15807,17,100
15808,17,100
15809,17,100
15811,17,100
15812,17,100
15814,17,100
15815,17,100
15818,17,100
15820,17,100
15821,17,100
15822,17,100
15824,17,100
15825,17,100
15826,17,100
15827,13,100
15832,14,100
15833,29,100
15835,20,100
15837,10,100
15838,25,100
15841,25,100
15842,14,100
15844,10,100
15845,19,100
15849,14,100
15851,14,100
15854,10,100
15856,31,100
15862,10,100
15864,31,100
15865,20,100
15866,1,100
15869,19,100
15871,20,100
15872,23,100
15875,4,100
15878,14,100
15879,6,100
15880,29,100
15881,25,100
15883,13,100
15884,25,100
15885,25,100
15886,8,100
15887,29,100
15888,10,100
15889,10,100
15891,21,100
15894,10,100
15895,1,100
15897,6,100
15898,17,100
15901,13,100
15902,25,100
15906,17,100
15910,17,100
15911,25,100
15912,17,100
15913,17,100
15914,17,100
15918,1,100
15919,25,100
15922,20,100
15923,28,100
15924,23,100
15927,13,100
15936,25,100
15937,17,100
15938,13,100
15939,8,100
15940,1,100
15943,14,100
15944,24,100
15949,29,100
15951,14,100
15959,23,100
15961,3,100
15962,15,100
15965,19,100
15966,16,100
15967,29,100
15968,25,100
15969,22,100
15974,14,100
15975,8,100
15976,29,100
15978,24,100
15982,1,100
15983,29,100
15985,25,100
15988,10,100
15990,0,100
15991,21,100
15992,27,100
15996,1,100
15998,13,100
15999,13,100
16001,31,100
16002,14,100
16005,13,100
16008,14,100
16009,14,100
16013,14,100
16015,15,100
16016,17,100
16018,17,100
16019,3,100
16021,17,100
16022,17,100
16024,17,100
16028,6,100
16030,31,100
16033,17,100
16034,3,100
16038,22,100
16039,17,100
16042,17,100
16045,23,100
16046,19,100
16047,11,100
16048,11,100
16050,19,100
16051,13,100
16053,17,100
16054,13,100
16055,19,100
16060,11,100
16062,11,100
16063,19,100
16064,1,100
16068,11,100
16069,11,100
16070,5,100
16071,2,100
16072,13,100
16073,14,100
16074,2,100
16078,24,100
16079,17,100
16081,17,100
16083,25,100
16084,1,100
16085,20,100
16089,25,100
16093,21,100
16094,14,100
16095,7,100
16096,24,100
16097,7,100
16098,3,100
16100,1,100
16106,15,100
16107,15,100
16109,2,100
16111,3,100
16112,19,100
16113,0,100
16114,7,100
16115,12,100
16117,16,100
16123,26,100
16125,1,100
16126,1,100
16129,5,100
16130,14,100
16131,22,100
16132,29,100
16133,29,100
16136,22,100
16137,29,100
16141,29,100
16144,22,100
16152,3,100
16153,6,100
16156,12,100
16159,3,100
16160,7,100
16162,7,100
16164,15,100
16165,3,100
16166,3,100
16168,29,100
16170,15,100
16171,1,100
16172,3,100
16174,29,100
16177,5,100
16180,14,100
16183,29,100
16187,29,100
16188,8,100
16189,29,100
16194,22,100
16195,29,100
16196,8,100
16200,20,100
16203,1,100
16207,29,100
16210,12,100
16213,0,100
16215,19,100
16221,13,100
16222,5,100
16223,4,100
16224,29,100
16227,3,100
16229,0,100
16230,1,100
16231,19,100
16233,7,100
16234,1,100
16235,12,100
16240,2,100
16242,22,100
16243,28,100
16244,31,100
16245,2,100
16247,19,100
16248,22,100
16249,24,100
16251,2,100
16252,19,100
16253,20,100
16261,19,100
16264,7,100
16266,2,100
16269,21,100
16271,13,100
16273,0,100
16274,19,100
16275,3,100
16276,27,100
16278,3,100
16280,10,100
16284,1,100
16286,19,100
16287,19,100
16290,21,100
16293,7,100
16295,10,100
16299,29,100
16300,19,100
16301,20,100
16302,13,100
16305,19,100
16307,27,100
16310,22,100
16311,4,100
16314,22,100
16316,28,100
16317,1,100
16319,31,100
16320,2,100
16323,29,100
16324,19,100
16326,27,100
16327,16,100
16329,23,100
16330,21,100
16331,23,100
16332,22,100
16334,23,100
16336,8,100
16337,1,100
16338,1,100
16339,24,100
16340,29,100
16341,8,100
16342,20,100
16343,17,100
16344,4,100
16345,4,100
16346,29,100
16348,12,100
16349,19,100
16353,3,100
16354,27,100
16355,16,100
16356,23,100
16357,25,100
16358,23,100
16361,21,100
16366,25,100
16367,22,100
16368,22,100
16369,25,100
16370,23,100
16372,4,100
16373,5,100
16377,25,100
16379,22,100
16380,5,100
16381,5,100
16382,13,100
16383,22,100
16384,22,100
16386,5,100
16388,4,100
16392,5,100
16393,5,100
16394,29,100
16397,6,100
16398,4,100
16399,25,100
16400,12,100
16402,22,100
16404,7,100
16405,6,100
16407,6,100
16408,13,100
16409,6,100
16412,29,100
16413,22,100
16414,10,100
16419,1,100
16420,29,100
16421,5,100
16422,26,100
16423,23,100
16424,23,100
16425,20,100
16426,15,100
16430,29,100
16431,22,100
16434,10,100
16435,29,100
16437,30,100
16438,23,100
16440,25,100
16441,22,100
16443,31,100
16445,19,100
16446,27,100
16449,28,100
16451,22,100
16452,20,100
16454,10,100
16455,4,100
16457,2,100
16458,18,100
16460,1,100
16461,31,100
16463,7,100
16465,0,100
16467,16,100
16469,2,100
16474,2,100
16477,16,100
16483,29,100
16485,25,100
16487,13,100
16495,29,100
16496,23,100
16497,29,100
16499,25,100
16502,19,100
16503,25,100
16509,20,100
16510,5,100
16512,29,100
16513,8,100
16514,8,100
16516,29,100
16517,29,100
16520,20,100
16521,5,100
16522,31,100
16525,2,100
16526,5,100
16527,12,100
16528,5,100
16529,0,100
16530,25,100
16534,8,100
16536,15,100
16537,18,100
16539,0,100
16540,10,100
16541,20,100
16546,22,100
16547,29,100
16553,29,100
16554,5,100
16556,18,100
16557,29,100
16558,29,100
16567,4,100
16570,14,100
16572,0,100
16573,0,100
16577,12,100
16579,29,100
16580,18,100
16581,1,100
16584,8,100
16586,25,100
16591,2,100
16592,29,100
16594,7,100
16595,22,100
16596,7,100
16597,22,100
16598,7,100
16599,29,100
16602,25,100
16604,1,100
16606,15,100
16607,12,100
16612,1,100
16613,7,100
16615,29,100
16617,22,100
16618,29,100
16620,22,100
16622,6,100
16624,29,100
16625,22,100
16628,7,100
16629,0,100
16634,22,100
16635,9,100
16638,1,100
16644,3,100
16648,28,100
16649,7,100
16653,3,100
16654,15,100
16655,15,100
16656,22,100
16657,29,100
16658,28,100
16662,28,100
16666,0,100
16667,3,100
16669,20,100
16670,19,100
16671,3,100
16672,4,100
16675,29,100
16678,31,100
16680,9,100
16681,22,100
16686,20,100
16694,22,100
16695,10,100
16697,2,100
16698,2,100
16700,2,100
16701,14,100
16703,6,100
16706,12,100
16710,20,100
16716,5,100
16717,12,100
16718,22,100
16726,3,100
16727,29,100
16728,3,100
16730,29,100
16731,20,100
16735,0,100
16736,9,100
16739,18,100
16741,13,100
16743,21,100
16745,18,100
16747,18,100
16749,13,100
16750,18,100
16751,18,100
16752,26,100
16754,21,100
16755,21,100
16757,18,100
16758,18,100
16759,22,100
16763,24,100
16764,6,100
16765,5,100
16769,22,100
16770,9,100
16774,25,100
16776,25,100
16777,21,100
16778,31,100
16780,31,100
16782,25,100
16783,15,100
16784,29,100
16787,8,100
16788,25,100
16789,9,100
16790,8,100
16792,18,100
16794,25,100
16795,4,100
16796,18,100
16799,9,100
16800,0,100
16801,15,100
16803,18,100
16804,13,100
16805,25,100
16807,11,100
16808,13,100
16809,17,100
16810,17,100
16812,17,100
16813,17,100
16814,11,100
16815,25,100
16816,11,100
16817,25,100
16821,6,100
16822,11,100
16823,11,100
16824,24,100
16826,5,100
16828,24,100
16836,1,100
16837,22,100
16840,6,100
16841,28,100
16842,26,100
16844,24,100
16845,6,100
16846,5,100
16848,11,100
16849,10,100
16850,25,100
16851,14,100
16853,11,100
16861,25,100
16864,21,100
16866,28,100
16869,28,100
16870,14,100
16871,21,100
16873,14,100
16874,25,100
16879,15,100
16880,21,100
16883,25,100
16884,21,100
16885,24,100
16886,15,100
16887,29,100
16889,31,100
16890,1,100
16891,25,100
16895,25,100
16898,20,100
16902,14,100
16903,19,100
16904,22,100
16909,20,100
16910,2,100
16912,14,100
16913,1,100
16914,6,100
16916,17,100
16927,31,100
16929,28,100
16930,30,100
16931,19,100
16933,20,100
16935,2,100
16936,26,100
16946,21,100
16947,6,100
16948,14,100
16949,31,100
16950,11,100
16952,20,100
16954,31,100
16955,14,100
16957,6,100
16958,24,100
16962,11,100
16965,6,100
16969,26,100
16970,10,100
16971,6,100
16974,19,100
16976,5,100
16980,19,100
16981,21,100
16986,5,100
16987,6,100
16989,14,100
16990,11,100
16993,24,100
16996,14,100
17000,20,100
17001,24,100
17002,26,100
17003,14,100
17005,20,100
17009,7,100
17011,6,100
17012,1,100
17017,6,100
17020,14,100
17022,28,100
17026,25,100
17030,3,100
17033,25,100
17034,26,100
17035,3,100
17037,28,100
17041,25,100
17047,20,100
17049,19,100
17050,24,100
17051,21,100
17052,23,100
17053,2,100
17055,6,100
17056,25,100
17058,1,100
17062,24,100
17063,19,100
17064,21,100
17067,24,100
17068,6,100
17070,31,100
17075,2,100
17076,24,100
17078,19,100
17079,28,100
17080,22,100
17081,28,100
17082,26,100
17086,11,100
17088,5,100
17089,26,100
17090,19,100
17091,31,100
17092,22,100
17093,6,100
17095,19,100
17096,25,100
17097,21,100
17098,6,100
17099,21,100
17102,24,100
17104,6,100
17109,28,100
17113,14,100
17114,11,100
17115,19,100
17117,14,100
17119,6,100
17121,6,100
17122,19,100
17123,26,100
17124,26,100
17126,6,100
17128,21,100
17132,5,100
17133,26,100
17134,5,100
17136,26,100
17137,6,100
17141,28,100
17145,14,100
17146,6,100
17147,6,100
17148,25,100
17149,28,100
17150,22,100
17155,19,100
17160,19,100
17162,25,100
17163,14,100
17164,11,100
17166,19,100
17168,25,100
17169,25,100
17170,26,100
17172,25,100
17176,19,100
17179,11,100
17180,19,100
17181,19,100
17183,24,100
17188,6,100
17190,5,100
17195,7,100
17200,1,100
17201,6,100
17203,24,100
17208,28,100
17209,26,100
17210,11,100
17212,6,100
17213,6,100
17217,6,100
17219,24,100
17222,5,100
17224,25,100
17226,25,100
17231,6,100
17233,24,100
17236,2,100
17237,28,100
17240,10,100
17242,6,100
17244,11,100
17246,6,100
17247,28,100
17249,21,100
17250,6,100
17251,21,100
17252,28,100
17254,6,100
17262,28,100
17263,6,100
17264,14,100
17268,31,100
17271,24,100
17277,6,100
17278,6,100
17281,5,100
17282,17,100
17283,6,100
17284,14,100
17287,24,100
17289,31,100
17291,28,100
17292,24,100
17293,14,100
17294,28,100
17295,11,100
17296,26,100
17298,26,100
17299,21,100
17302,6,100
17303,28,100
17306,6,100
17307,31,100
17308,6,100
17311,11,100
17312,5,100
17313,25,100
17314,28,100
17315,19,100
17317,31,100
17318,28,100
17319,20,100
17320,6,100
17324,14,100
17326,5,100
17328,21,100
17329,28,100
17334,28,100
17337,24,100
17339,14,100
17342,5,100
17345,6,100
17346,6,100
17348,6,100
17350,14,100
17353,28,100
17354,21,100
17356,20,100
17359,26,100
17360,5,100
17361,6,100
17362,6,100
17364,24,100
17367,24,100
17370,6,100
17372,14,100
17376,23,100
17377,26,100
17380,14,100
17382,28,100
17385,20,100
17386,25,100
17389,22,100
17394,19,100
17395,11,100
17396,14,100
17402,24,100
17403,14,100
17405,31,100
17406,31,100
17411,24,100
17415,6,100
17417,26,100
17419,20,100
17420,6,100
17425,6,100
17432,26,100
17433,31,100
17434,5,100
17435,28,100
17436,24,100
17437,5,100
17440,19,100
17444,14,100
17446,10,100
17448,28,100
17449,6,100
17451,20,100
17452,21,100
17454,18,100
17457,5,100
17462,6,100
17463,31,100
17464,21,100
17466,6,100
17468,26,100
17471,6,100
17472,26,100
17473,6,100
17475,5,100
17477,6,100
17478,20,100
17479,5,100
17481,26,100
17483,28,100
17484,6,100
17485,5,100
17486,28,100
17491,24,100
17492,5,100
17493,7,100
17494,26,100
17497,28,100
17499,28,100
17501,5,100
17502,14,100
17510,26,100
17512,14,100
17513,5,100
17515,26,100
17516,14,100
17518,21,100
17520,14,100
17521,21,100
17524,6,100
17526,26,100
17530,24,100
17531,6,100
17532,21,100
17534,10,100
17535,14,100
17537,11,100
17539,11,100
17541,8,100
17542,8,100
17547,24,100
17549,25,100
17550,27,100
17551,13,100
17552,24,100
17553,29,100
17554,13,100
17555,29,100
17556,18,100
17559,14,100
17561,21,100
17562,21,100
17566,30,100
17567,21,100
17570,21,100
17571,14,100
17575,3,100
17578,0,100
17579,27,100
17582,21,100
17583,18,100
17584,21,100
17586,4,100
17588,10,100
17589,21,100
17590,9,100
17591,10,100
17594,9,100
17595,0,100
17596,25,100
17598,12,100
17599,0,100
17604,29,100
17605,9,100
17606,8,100
17607,9,100
17609,9,100
17612,13,100
17613,12,100
17616,9,100
17617,15,100
17620,18,100
17624,18,100
17626,15,100
17627,9,100
17631,9,100
17635,15,100
17636,9,100
17638,31,100
17641,19,100
17642,25,100
17643,13,100
17644,19,100
17646,31,100
17647,2,100
17648,2,100
17649,21,100
17651,17,100
17652,7,100
17654,6,100
17655,6,100
17657,25,100
17661,7,100
17662,1,100
17672,7,100
17679,11,100
17683,21,100
17686,11,100
17687,1,100
17688,14,100
17689,24,100
17690,0,100
17691,19,100
17695,11,100
17697,1,100
17698,10,100
17699,10,100
17700,10,100
17703,7,100
17707,1,100
17708,0,100
17711,6,100
17712,1,100
17713,19,100
17714,4,100
17715,25,100
17719,1,100
17720,0,100
17723,27,100
17724,24,100
17726,25,100
17728,23,100
17729,10,100
17730,19,100
17731,0,100
17732,27,100
17735,19,100
17737,16,100
17739,6,100
17741,6,100
17742,6,100
17743,7,100
17746,6,100
17749,19,100
17756,20,100
17758,0,100
17759,19,100
17760,27,100
17761,16,100
17763,24,100
17764,25,100
17765,13,100
17768,2,100
17773,21,100
17774,24,100
17775,14,100
17777,13,100
17779,11,100
17780,16,100
17781,14,100
17782,14,100
17783,0,100
17784,27,100
17786,16,100
17788,14,100
17799,25,100
17800,14,100
17803,0,100
17805,16,100
17808,1,100
17810,0,100
17814,14,100
17815,0,100
17817,14,100
17819,9,100
17820,9,100
17823,15,100
17825,10,100
17826,9,100
17828,9,100
17831,18,100
17832,18,100
17834,0,100
17835,15,100
17836,25,100
17837,2,100
17838,20,100
17840,25,100
17841,1,100
17844,13,100
17846,13,100
17847,14,100
17848,20,100
17849,25,100
17853,20,100
17855,25,100
17860,1,100
17863,29,100
17865,7,100
17866,12,100
17867,0,100
17869,7,100
17872,29,100
17873,10,100
17876,17,100
17877,0,100
17880,28,100
17884,5,100
17885,29,100
17888,21,100
17890,14,100
17891,21,100
17892,21,100
17895,21,100
17897,21,100
17898,20,100
17901,10,100
17902,4,100
17904,7,100
17906,27,100
17911,21,100
17913,29,100
17914,29,100
17915,12,100
17919,29,100
17922,29,100
17923,20,100
17927,2,100
17930,29,100
17931,10,100
17932,27,100
17933,29,100
17934,19,100
17937,20,100
17940,25,100
17941,25,100
17943,12,100
17947,20,100
17951,6,100
17952,22,100
17953,2,100
17954,29,100
17956,2,100
17960,19,100
17961,22,100
17962,25,100
17964,19,100
17966,25,100
17967,25,100
17968,8,100
17969,21,100
17971,8,100
17972,20,100
17973,29,100
17976,29,100
17980,1,100
17983,7,100
17987,10,100
17990,19,100
17992,19,100
17995,3,100
17998,1,100
18002,21,100
18005,25,100
18010,8,100
18012,29,100
18021,7,100
18022,20,100
18023,29,100
18024,5,100
18025,2,100
18026,19,100
18028,29,100
18029,29,100
18031,5,100
18034,19,100
18035,20,100
18041,20,100
18042,26,100
18045,21,100
18046,5,100
18048,29,100
18052,23,100
18053,10,100
18054,29,100
18056,10,100
18057,17,100
18060,22,100
18063,1,100
18067,0,100
18072,29,100
18078,27,100
18081,20,100
18084,1,100
18086,10,100
18087,0,100
18089,29,100
18092,29,100
18093,23,100
18094,29,100
18096,29,100
18097,14,100
18102,7,100
18104,21,100
18106,29,100
18107,29,100
18109,29,100
18110,19,100
18111,25,100
18112,8,100
18115,25,100
18116,14,100
18118,19,100
18120,1,100
18122,29,100
18124,29,100
18125,22,100
18129,0,100
18137,2,100
18138,4,100
18139,20,100
18140,29,100
18142,7,100
18143,19,100
18144,7,100
18145,0,100
18146,2,100
18147,27,100
18149,4,100
18151,7,100
18152,29,100
18162,29,100
18163,20,100
18166,9,100
18168,9,100
18171,12,100
18172,7,100
18173,9,100
18176,9,100
18177,9,100
18178,7,100
18182,26,100
18183,12,100
18185,22,100
18188,1,100
18189,14,100
18190,22,100
18191,29,100
18193,25,100
18194,31,100
18195,29,100
18196,18,100
18198,1,100
18200,25,100
18207,11,100
18208,19,100
18209,24,100
18213,11,100
18214,19,100
18215,19,100
18218,25,100
18219,24,100
18221,14,100
18222,3,100
18232,29,100
18233,4,100
18234,13,100
18236,4,100
18237,25,100
18241,29,100
18244,18,100
18247,0,100
18248,1,100
18249,27,100
18250,4,100
18252,12,100
18253,29,100
18255,1,100
18258,29,100
18259,20,100
18265,1,100
18266,27,100
18267,4,100
18269,29,100
18271,12,100
18273,21,100
18275,2,100
18276,1,100
18278,29,100
18282,1,100
18283,0,100
18284,0,100
18285,31,100
18286,29,100
18291,19,100
18292,29,100
18293,5,100
18294,29,100
18295,0,100
18301,1,100
18303,25,100
18304,19,100
18305,13,100
18307,19,100
18308,2,100
18310,19,100
18314,19,100
18324,2,100
18329,1,100
18331,2,100
18333,29,100
18334,19,100
18336,19,100
18337,29,100
18338,25,100
18342,19,100
18343,22,100
18346,19,100
18348,29,100
18352,19,100
18353,10,100
18355,19,100
18357,5,100
18359,10,100
18360,3,100
18364,19,100
18365,3,100
18367,18,100
18369,29,100
18370,3,100
18373,22,100
18374,29,100
18379,29,100
18380,14,100
18382,14,100
18386,29,100
18387,14,100
18388,25,100
18391,29,100
18393,4,100
18396,6,100
18397,24,100
18399,25,100
18400,6,100
18401,10,100
18406,4,100
18412,29,100
18415,4,100
18416,25,100
18417,4,100
18418,31,100
18420,29,100
18425,1,100
18427,21,100
18432,4,100
18433,7,100
18434,29,100
18437,29,100
18438,6,100
18439,31,100
18441,4,100
18442,8,100
18446,5,100
18448,22,100
18450,29,100
18451,24,100
18454,8,100
18455,29,100
18457,20,100
18463,21,100
18465,7,100
18466,21,100
18468,7,100
18469,14,100
18473,7,100
18475,1,100
18478,14,100
18479,20,100
18483,6,100
18485,6,100
18486,10,100
18487,20,100
18488,1,100
18490,14,100
18491,29,100
18492,31,100
18493,19,100
18494,1,100
18496,5,100
18497,14,100
18498,14,100
18500,20,100
18502,14,100
18503,1,100
18504,20,100
18505,24,100
18509,1,100
18511,31,100
18512,12,100
18513,6,100
18514,29,100
18516,24,100
18518,28,100
18519,18,100
18520,18,100
18523,25,100
18525,14,100
18528,13,100
18532,31,100
18533,10,100
18536,4,100
18538,13,100
18542,17,100
18543,10,100
18544,4,100
18545,22,100
18547,10,100
18548,1,100
18549,29,100
18550,1,100
18552,0,100
18553,3,100
18554,22,100
18555,31,100
18563,16,100
18566,28,100
18567,0,100
18568,15,100
18569,15,100
18571,12,100
18572,20,100
18573,28,100
18575,31,100
18576,29,100
18577,28,100
18578,31,100
18581,25,100
18583,0,100
18585,3,100
18586,22,100
18588,20,100
18590,1,100
18591,28,100
18592,1,100
18593,25,100
18596,12,100
18597,28,100
18598,25,100
18600,0,100
18602,29,100
18603,21,100
18605,28,100
18607,15,100
18611,4,100
18613,6,100
18617,22,100
18619,28,100
18620,15,100
18621,15,100
18623,0,100
18625,3,100
18627,15,100
18629,0,100
18630,0,100
18633,4,100
18634,15,100
18635,21,100
18636,12,100
18641,28,100
18644,1,100
18647,7,100
18652,3,100
18654,10,100
18657,29,100
18659,14,100
18660,31,100
18661,29,100
18662,6,100
18664,29,100
18666,29,100
18670,10,100
18672,19,100
18678,3,100
18682,20,100
18684,29,100
18685,19,100
18686,8,100
18692,6,100
18694,25,100
18698,12,100
18699,20,100
18702,6,100
18709,4,100
18712,21,100
18713,12,100
18716,29,100
18717,31,100
18718,28,100
18720,28,100
18723,7,100
18726,8,100
18727,25,100
18729,14,100
18732,20,100
18734,21,100
18736,22,100
18737,31,100
18739,5,100
18742,18,100
18746,20,100
18749,21,100
18750,14,100
18751,7,100
18753,4,100
18754,14,100
18755,21,100
18758,22,100
18759,5,100
18762,21,100
18763,20,100
18765,29,100
18766,29,100
18769,29,100
18770,12,100
18771,29,100
18774,29,100
18775,22,100
18776,1,100
18779,22,100
18783,8,100
18784,5,100
18786,8,100
18789,29,100
18790,21,100
18791,25,100
18795,25,100
18797,0,100
18801,31,100
18804,6,100
18806,25,100
18810,13,100
18811,0,100
18813,3,100
18815,27,100
18817,16,100
18818,6,100
18820,31,100
18822,29,100
18826,25,100
18827,18,100
18828,15,100
18829,22,100
18832,21,100
18835,29,100
18838,15,100
18842,6,100
18843,28,100
18844,6,100
18845,13,100
18846,25,100
18848,7,100
18849,25,100
18850,13,100
18852,3,100
18853,5,100
18856,15,100
18858,28,100
18859,4,100
18860,1,100
18861,15,100
18864,6,100
18871,29,100
18872,8,100
18874,29,100
18875,25,100
18878,7,100
18880,14,100
18881,31,100
18882,28,100
18885,15,100
18886,13,100
18887,15,100
18892,0,100
18893,0,100
18896,25,100
18897,25,100
18900,29,100
18901,28,100
18903,8,100
18905,1,100
18906,0,100
18911,3,100
18912,12,100
18914,19,100
18915,4,100
18917,31,100
18921,21,100
18922,4,100
18924,22,100
18925,22,100
18926,31,100
18928,3,100
18929,19,100
18933,29,100
18935,18,100
18937,22,100
18938,24,100
18943,20,100
18944,29,100
18945,29,100
18947,10,100
18948,29,100
18949,5,100
18952,29,100
18954,29,100
18956,20,100
18958,22,100
18959,15,100
18960,8,100
18962,5,100
18963,7,100
18965,18,100
18966,20,100
18967,29,100
18969,29,100
18974,29,100
18977,20,100
18979,21,100
18985,12,100
18986,10,100
18987,22,100
18988,5,100
18992,1,100
18994,10,100
18995,31,100
18997,1,100
18999,25,100
19000,18,100
19002,24,100
19004,31,100
19007,7,100
19010,8,100
19011,25,100
19013,21,100
19016,1,100
19018,31,100
19019,31,100
19020,13,100
19021,31,100
19022,29,100
19025,13,100
19026,26,100
19027,13,100
19028,12,100
19030,13,100
19031,25,100
19034,25,100
19035,12,100
19037,31,100
19038,3,100
19040,31,100
19041,15,100
19043,28,100
19047,12,100
19049,8,100
19051,1,100
19052,15,100
19055,31,100
19057,22,100
19059,0,100
19064,18,100
19066,20,100
19068,28,100
19069,25,100
19070,15,100
19071,22,100
19074,21,100
19076,22,100
19078,6,100
19080,29,100
19081,31,100
19083,5,100
19084,31,100
19085,18,100
19090,1,100
19095,6,100
19100,26,100
19101,29,100
19102,0,100
19105,31,100
19106,29,100
19107,10,100
19108,20,100
19110,29,100
19111,8,100
19113,10,100
19117,22,100
19120,10,100
19123,8,100
19124,25,100
19125,8,100
19126,13,100
19128,1,100
19130,29,100
19132,22,100
19135,8,100
19136,12,100
19138,24,100
19140,20,100
19141,6,100
19143,10,100
19145,31,100
19146,1,100
19147,31,100
19148,31,100
19150,1,100
19151,20,100
19152,14,100
19153,29,100
19155,5,100
19160,12,100
19161,31,100
19162,3,100
19164,0,100
19166,15,100
19170,1,100
19172,10,100
19175,1,100
19176,28,100
19180,18,100
19181,1,100
19183,18,100
19185,29,100
19193,8,100
19194,23,100
19196,19,100
19200,22,100
19204,31,100
19206,29,100
19209,12,100
19210,31,100
19211,4,100
19212,29,100
19213,21,100
19214,5,100
19217,14,100
19218,31,100
19220,8,100
19223,1,100
19224,29,100
19225,5,100
19226,14,100
19227,15,100
19228,12,100
19230,22,100
19234,25,100
19235,1,100
19236,3,100
19238,31,100
19240,9,100
19241,24,100
19242,31,100
19243,20,100
19245,12,100
19246,22,100
19247,13,100
19251,28,100
19253,1,100
19254,19,100
19255,22,100
19257,28,100
19258,20,100
19260,0,100
19261,22,100
19263,20,100
19264,0,100
19269,18,100
19270,6,100
19272,8,100
19273,25,100
19274,31,100
19277,18,100
19278,31,100
19279,31,100
19280,8,100
19281,20,100
19284,22,100
19285,21,100
19286,24,100
19287,20,100
19289,29,100
19291,20,100
19293,29,100
19294,12,100
19298,25,100
19302,14,100
19304,13,100
19306,8,100
19308,29,100
19310,29,100
19312,15,100
19313,8,100
19315,14,100
19316,31,100
19320,15,100
19321,31,100
19325,20,100
19326,20,100
19327,29,100
19331,7,100
19334,25,100
19341,31,100
19342,20,100
19345,5,100
19349,22,100
19353,12,100
19354,22,100
19356,25,100
19363,31,100
19364,0,100
19365,31,100
19366,15,100
19368,29,100
19370,31,100
19372,1,100
19373,12,100
19375,20,100
19376,1,100
19379,31,100
19380,29,100
19382,18,100
19383,8,100
19384,1,100
19386,21,100
19387,25,100
19388,29,100
19390,28,100
19392,19,100
19393,29,100
19395,22,100
19400,20,100
19401,0,100
19402,13,100
19406,0,100
19407,15,100
19408,26,100
19409,0,100
19410,31,100
19413,15,100
19414,14,100
19415,18,100
19418,12,100
19419,22,100
19421,28,100
19424,24,100
19425,25,100
19427,1,100
19428,29,100
19429,18,100
19430,18,100
19434,14,100
19435,20,100
19436,10,100
19437,25,100
19438,25,100
19440,20,100
19441,5,100
19442,24,100
19443,25,100
19444,20,100
19445,29,100
19447,22,100
19448,26,100
19451,31,100
19452,29,100
19454,19,100
19458,25,100
19461,20,100
19463,15,100
19468,21,100
19469,15,100
19470,7,100
19472,12,100
19473,18,100
19474,31,100
19475,31,100
19478,31,100
19479,31,100
19482,19,100
19484,22,100
19485,18,100
19486,29,100
19487,25,100
19488,24,100
19489,25,100
19490,21,100
19495,26,100
19496,18,100
19497,10,100
19499,25,100
19500,22,100
19501,31,100
19502,31,100
19506,31,100
19511,8,100
19516,18,100
19518,31,100
19519,4,100
19524,4,100
19526,31,100
19527,31,100
19530,18,100
19534,13,100
19536,18,100
19537,5,100
19538,15,100
19540,29,100
19542,21,100
19543,31,100
19545,18,100
19548,15,100
19554,0,100
19555,8,100
19556,12,100
19557,15,100
19559,22,100
19561,5,100
19568,18,100
19570,24,100
19571,4,100
19573,29,100
19574,24,100
19577,5,100
19578,24,100
19580,0,100
19582,27,100
19587,14,100
19591,27,100
19592,16,100
19593,19,100
19594,2,100
19597,19,100
19598,16,100
19599,25,100
19602,12,100
19603,0,100
19604,27,100
19609,27,100
19614,4,100
19615,7,100
19616,4,100
19618,24,100
19619,22,100
19620,25,100
19621,8,100
19625,14,100
19626,9,100
19630,0,100
19632,16,100
19639,16,100
19645,14,100
19647,6,100
19648,0,100
19649,19,100
19651,6,100
19652,0,100
19655,0,100
19656,19,100
19657,29,100
19660,19,100
19661,16,100
19662,28,100
19663,14,100
19664,10,100
19669,6,100
19672,16,100
19677,24,100
19681,1,100
19683,13,100
19686,17,100
19687,17,100
19688,17,100
19690,6,100
19694,19,100
19695,0,100
19696,27,100
19697,16,100
19698,29,100
19701,10,100
19706,0,100
19707,27,100
19709,5,100
19711,25,100
19712,25,100
19714,25,100
19716,0,100
19717,27,100
19719,7,100
19720,25,100
19721,31,100
19722,25,100
19723,25,100
19729,16,100
19730,18,100
19732,29,100
19735,4,100
19736,25,100
19737,31,100
19741,0,100
19742,16,100
19745,6,100
19746,13,100
19747,6,100
19753,11,100
19756,13,100
19757,3,100
19759,14,100
19761,7,100
19762,0,100
19764,16,100
19765,8,100
19767,1,100
19770,20,100
19771,9,100
19772,29,100
19774,9,100
19776,9,100
19777,25,100
19778,19,100
19783,27,100
19786,1,100
19791,9,100
19792,9,100
19793,9,100
19794,22,100
19801,16,100
19802,10,100
19803,5,100
19805,20,100
19808,7,100
19809,2,100
19811,1,100
19813,9,100
19814,6,100
19815,9,100
19818,9,100
19819,9,100
19821,9,100
19823,25,100
19824,12,100
19825,9,100
19826,9,100
19827,19,100
19828,25,100
19831,9,100
19832,9,100
19833,24,100
19835,9,100
19836,6,100
19837,18,100
19838,13,100
19842,9,100
19844,13,100
19845,13,100
19846,25,100
19847,13,100
19848,13,100
19849,13,100
19850,13,100
19852,13,100
19855,6,100
19858,9,100
19862,13,100
19863,13,100
19864,24,100
19865,13,100
19869,7,100
19872,13,100
19878,24,100
19886,22,100
19889,13,100
19890,1,100
19891,1,100
19892,1,100
19893,13,100
19895,19,100
19898,19,100
19899,19,100
19900,13,100
19901,13,100
19902,13,100
19903,13,100
19905,13,100
19907,9,100
19908,1,100
19909,9,100
19910,9,100
19911,9,100
19912,21,100
19913,9,100
19914,9,100
19915,19,100
19916,9,100
19917,31,100
19919,24,100
19921,31,100
19922,25,100
19925,18,100
19926,10,100
19927,13,100
19931,19,100
19933,19,100
19936,0,100
19940,4,100
19948,0,100
19949,11,100
19952,6,100
19953,14,100
19955,24,100
19957,4,100
19959,0,100
19960,7,100
19962,25,100
19964,25,100
19966,25,100
19968,1,100
19969,25,100
19972,11,100
19974,1,100
19976,21,100
19978,25,100
19980,31,100
19981,21,100
19987,7,100
19988,29,100
19989,21,100
19993,21,100
19994,28,100
19997,25,100
19998,0,100
20000,11,100
20003,24,100
20004,11,100
20006,31,100
20007,0,100
20013,0,100
20014,19,100
20015,27,100
20016,19,100
20017,11,100
20019,25,100
20020,27,100
20021,19,100
20023,11,100
20024,0,100
20030,11,100
20034,29,100
20035,19,100
20036,11,100
20037,21,100
20038,0,100
20040,20,100
20041,17,100
20042,17,100
20050,11,100
20051,14,100
20052,4,100
20053,12,100
20055,11,100
20057,20,100
20059,22,100
20060,0,100
20061,27,100
20065,0,100
20066,27,100
20067,24,100
20068,6,100
20070,31,100
20072,10,100
20075,26,100
20076,4,100
20078,28,100
20081,29,100
20082,11,100
20086,11,100
20088,27,100
20090,0,100
20091,25,100
20094,10,100
20097,14,100
20101,13,100
20106,19,100
20107,19,100
20109,29,100
20111,29,100
20112,29,100
20117,19,100
20118,5,100
20123,29,100
20124,5,100
20126,29,100
20127,8,100
20130,29,100
20133,29,100
20135,7,100
20136,29,100
20138,5,100
20139,26,100
20142,26,100
20144,5,100
20145,0,100
20147,8,100
20148,29,100
20149,29,100
20151,29,100
20153,29,100
20154,26,100
20157,27,100
20158,29,100
20160,19,100
20164,4,100
20166,1,100
20167,1,100
20168,0,100
20170,12,100
20172,29,100
20173,31,100
20174,29,100
20181,0,100
20182,27,100
20186,5,100
20188,0,100
20189,19,100
20190,27,100
20194,29,100
20196,29,100
20197,20,100
20198,29,100
20203,18,100
20204,0,100
20205,8,100
20206,8,100
20207,22,100
20208,22,100
20209,18,100
20210,20,100
20212,6,100
20214,28,100
20216,18,100
20217,29,100
20218,28,100
20220,2,100
20222,7,100
20225,19,100
20226,24,100
20227,18,100
20228,29,100
20230,29,100
20231,28,100
20235,29,100
20237,24,100
20238,25,100
20241,26,100
20248,26,100
20252,26,100
20253,17,100
20254,5,100
20255,6,100
20258,17,100
20259,21,100
20260,21,100
20261,17,100
20262,26,100
20263,17,100
20266,17,100
20267,26,100
20268,20,100
20272,17,100
20274,17,100
20275,31,100
20276,17,100
20277,31,100
20278,17,100
20279,31,100
20280,17,100
20282,31,100
20283,31,100
20284,17,100
20285,17,100
20288,17,100
20290,31,100
20291,28,100
20292,17,100
20294,6,100
20295,17,100
20296,21,100
20297,14,100
20298,6,100
20299,22,100
20300,26,100
20301,31,100
20302,17,100
20304,20,100
20305,31,100
20306,17,100
20308,1,100
20312,29,100
20314,17,100
20315,17,100
20318,17,100
20321,17,100
20322,17,100
20327,17,100
20329,17,100
20330,17,100
20331,17,100
20332,17,100
20334,17,100
20335,17,100
20338,17,100
20340,17,100
20345,28,100
20346,17,100
20347,5,100
20348,6,100
20350,2,100
20351,19,100
20352,17,100
20355,17,100
20356,17,100
20359,14,100
20361,6,100
20362,10,100
20363,17,100
20364,15,100
20366,24,100
20368,19,100
20370,19,100
20371,31,100
20374,5,100
20375,28,100
20376,19,100
20379,28,100
20380,24,100
20381,6,100
20382,31,100
20383,20,100
20385,31,100
20391,24,100
20393,14,100
20395,19,100
20397,10,100
20399,1,100
20400,28,100
20401,0,100
20403,4,100
20406,30,100
20408,4,100
20409,22,100
20411,13,100
20412,8,100
20413,25,100
20414,2,100
20415,13,100
20416,19,100
20417,8,100
20418,22,100
20419,1,100
20423,25,100
20424,23,100
20425,23,100
20427,22,100
20429,3,100
20430,19,100
20433,2,100
20434,7,100
20436,16,100
20438,19,100
20440,5,100
20441,31,100
20443,19,100
20444,2,100
20445,15,100
20451,0,100
20452,19,100
20453,7,100
20454,2,100
20457,10,100
20458,12,100
20459,15,100
20461,3,100
20462,17,100
20464,26,100
20465,24,100
20468,24,100
20473,3,100
20474,19,100
20475,27,100
20476,29,100
20477,16,100
20479,31,100
20480,13,100
20481,28,100
20482,10,100
20484,0,100
20485,3,100
20488,25,100
20489,21,100
20492,0,100
20496,25,100
20499,0,100
20503,18,100
20506,25,100
20507,27,100
20508,16,100
20510,5,100
20512,1,100
20515,15,100
20518,16,100
20524,1,100
20525,15,100
20528,25,100
20530,18,100
20531,16,100
20533,4,100
20535,18,100
20536,7,100
20537,0,100
20540,0,100
20542,20,100
20544,10,100
20546,12,100
20548,24,100
20549,25,100
20550,18,100
20552,9,100
20555,8,100
20560,10,100
20562,18,100
20564,12,100
20565,0,100
20568,1,100
20569,31,100
20571,22,100
20573,22,100
20574,14,100
20576,1,100
20579,25,100
20582,29,100
20584,25,100
20585,15,100
20586,8,100
20589,18,100
20590,5,100
20591,3,100
20593,18,100
20596,9,100
20597,9,100
20599,9,100
20602,9,100
20603,9,100
20606,9,100
20610,9,100
20612,19,100
20613,9,100
20617,31,100
20619,18,100
20621,18,100
20622,18,100
20623,24,100
20624,31,100
20626,18,100
20627,29,100
20628,22,100
20629,10,100
20632,18,100
20634,18,100
20636,18,100
20638,9,100
20643,9,100
20648,9,100
20649,9,100
20652,18,100
20657,24,100
20658,6,100
20660,4,100
20663,6,100
20664,14,100
20665,6,100
20667,21,100
20668,6,100
20670,0,100
20671,4,100
20676,2,100
20678,20,100
20679,24,100
20680,2,100
20681,3,100
20682,7,100
20683,13,100
20685,24,100
20686,19,100
20687,21,100
20690,1,100
20691,7,100
20692,17,100
20696,14,100
20697,21,100
20699,21,100
20701,21,100
20702,2,100
20705,21,100
20713,27,100
20716,10,100
20718,25,100
20722,19,100
20725,2,100
20727,4,100
20728,22,100
20730,21,100
20731,19,100
20732,0,100
20735,25,100
20737,30,100
20738,27,100
20740,0,100
20741,15,100
20743,7,100
20747,31,100
20749,12,100
20751,13,100
20755,22,100
20756,18,100
20759,21,100
20761,9,100
20763,1,100
20768,19,100
20770,3,100
20772,31,100
20774,19,100
20775,19,100
20776,10,100
20777,19,100
20778,7,100
20779,24,100
20780,19,100
20784,19,100
20787,19,100
20788,19,100
20793,12,100
20794,28,100
20795,6,100
20796,10,100
20797,13,100
20798,31,100
20799,25,100
20801,17,100
20803,24,100
20807,17,100
20812,17,100
20814,17,100
20818,17,100
20820,17,100
20821,17,100
20824,17,100
20825,17,100
20829,17,100
20831,17,100
20832,17,100
20833,2,100
20834,17,100
20839,17,100
20844,17,100
20847,17,100
20848,17,100
20849,17,100
20850,17,100
20851,21,100
20852,17,100
20853,31,100
20854,17,100
20858,17,100
20859,17,100
20861,13,100
20864,17,100
20865,17,100
20868,29,100
20870,17,100
20871,17,100
20873,31,100
20877,17,100
20882,22,100
20887,28,100
20888,1,100
20889,17,100
20890,4,100
20892,17,100
20896,17,100
20898,17,100
20899,17,100
20900,17,100
20901,17,100
20902,17,100
20903,17,100
20904,4,100
20906,4,100
20911,17,100
20913,25,100
20915,21,100
20920,8,100
20921,10,100
20925,17,100
20928,3,100
20933,22,100
20934,22,100
20938,13,100
20940,13,100
20941,10,100
20942,10,100
20944,4,100
20945,10,100
20947,20,100
20949,10,100
20950,10,100
20956,11,100
20958,31,100
20959,10,100
20960,8,100
20961,24,100
20962,12,100
20964,3,100
20965,11,100
20969,1,100
20970,28,100
20972,14,100
20974,1,100
20975,0,100
20979,25,100
20980,25,100
20984,8,100
20985,19,100
20988,25,100
20989,25,100
20990,24,100
20992,11,100
20993,14,100
21000,3,100
21002,27,100
21003,25,100
21004,22,100
21005,20,100
21006,21,100
21010,13,100
21011,6,100
21012,25,100
21013,10,100
21015,13,100
21018,11,100
21020,20,100
21022,1,100
21023,17,100
21025,24,100
21028,0,100
21030,20,100
21033,6,100
21034,1,100
21035,25,100
21036,19,100
21039,15,100
21040,23,100
21041,24,100
21043,13,100
21044,8,100
21046,31,100
21047,29,100
21051,11,100
21052,22,100
21054,23,100
21055,14,100
21056,29,100
21060,3,100
21062,10,100
21064,22,100
21066,14,100
21069,25,100
21070,23,100
21073,1,100
21075,2,100
21076,11,100
21077,14,100
21079,13,100
21080,24,100
21081,14,100
21082,19,100
21084,1,100
21087,11,100
21088,21,100
21089,20,100
21090,13,100
21093,22,100
21095,11,100
21096,11,100
21099,0,100
21100,25,100
21102,25,100
21104,11,100
21105,6,100
21107,2,100
21108,14,100
21109,1,100
21111,11,100
21115,7,100
21117,16,100
21121,1,100
21124,6,100
21126,24,100
21127,8,100
21129,1,100
21130,6,100
21132,22,100
21133,23,100
21136,20,100
21138,20,100
21139,3,100
21140,31,100
21141,23,100
21142,3,100
21144,20,100
21145,20,100
21146,23,100
21147,22,100
21151,22,100
21154,23,100
21156,22,100
21158,20,100
21161,23,100
21163,23,100
21165,22,100
21166,23,100
21170,14,100
21171,0,100
21174,14,100
21175,24,100
21176,14,100
21177,14,100
21181,6,100
21184,14,100
21186,14,100
21188,24,100
21189,14,100
21190,1,100
21192,13,100
21193,11,100
21194,19,100
21196,14,100
21201,6,100
21204,7,100
21206,0,100
21207,27,100
21208,14,100
21210,10,100
21211,11,100
21212,14,100
21217,14,100
21218,3,100
21222,29,100
21224,29,100
21226,14,100
21228,0,100
21231,14,100
21232,22,100
21234,20,100
21238,4,100
21239,25,100
21240,11,100
21242,6,100
21243,25,100
21244,14,100
21247,6,100
21251,29,100
21254,14,100
21255,21,100
21257,29,100
21260,13,100
21261,24,100
21262,10,100
21267,13,100
21268,8,100
21269,6,100
21270,13,100
21271,29,100
21272,20,100
21273,18,100
21276,10,100
21279,29,100
21282,8,100
21285,4,100
21286,13,100
21287,6,100
21289,12,100
21290,15,100
21296,13,100
21297,25,100
21303,19,100
21315,2,100
21317,22,100
21321,0,100
21324,26,100
21325,13,100
21327,18,100
21328,25,100
21332,26,100
21333,11,100
21334,19,100
21336,18,100
21337,18,100
21338,18,100
21339,13,100
21343,0,100
21344,7,100
21347,15,100
21349,13,100
21350,13,100
21351,1,100
21353,0,100
21354,28,100
21356,18,100
21358,18,100
21361,18,100
21362,18,100
21363,13,100
21364,18,100
21365,8,100
21367,12,100
21368,18,100
21369,8,100
21371,8,100
21372,18,100
21373,18,100
21374,12,100
21377,18,100
21379,0,100
21382,12,100
21389,18,100
21391,18,100
21393,31,100
21394,4,100
21396,10,100
21397,10,100
21403,13,100
21404,18,100
21406,19,100
21408,9,100
21410,9,100
21412,9,100
21413,9,100
21415,24,100
21417,21,100
21418,25,100
21419,6,100
21421,31,100
21423,13,100
21425,19,100
21426,29,100
21428,0,100
21429,7,100
21431,27,100
21436,10,100
21437,0,100
21439,16,100
21442,25,100
21445,22,100
21449,27,100
21451,16,100
21452,0,100
21454,0,100
21456,9,100
21458,19,100
21460,18,100
21461,15,100
21463,15,100
21466,6,100
21472,22,100
21474,20,100
21475,20,100
21476,9,100
21477,12,100
21479,15,100
21482,1,100
21484,14,100
21489,10,100
21490,1,100
21495,9,100
21499,29,100
21501,1,100
21502,14,100
21503,19,100
21504,9,100
21508,19,100
21510,18,100
21513,6,100
21516,13,100
21517,6,100
21519,21,100
21522,0,100
21523,11,100
21524,27,100
21525,10,100
21527,10,100
21533,4,100
21537,27,100
21538,7,100
21541,1,100
21543,21,100
21544,5,100
21546,20,100
21548,21,100
21549,21,100
21550,10,100
21551,19,100
21558,4,100
21559,28,100
21560,21,100
21561,21,100
21562,19,100
21564,25,100
21567,4,100
21568,21,100
21569,10,100
21572,21,100
21578,21,100
21579,14,100
21580,21,100
21581,21,100
21582,0,100
21583,19,100
21586,12,100
21587,5,100
21588,31,100
21589,13,100
21590,13,100
21591,13,100
21592,29,100
21594,0,100
21595,11,100
21598,12,100
21599,10,100
21600,10,100
21606,15,100
21608,20,100
21609,8,100
21610,14,100
21611,14,100
21612,29,100
21614,0,100
21615,19,100
21616,11,100
21617,27,100
21618,4,100
21619,11,100
21620,0,100
21623,14,100
21624,14,100
21626,4,100
21631,4,100
21632,12,100
21633,21,100
21634,24,100
21641,4,100
21646,19,100
21647,19,100
21648,22,100
21651,19,100
21653,19,100
21654,19,100
21656,19,100
21657,0,100
21659,19,100
21660,19,100
21664,6,100
21665,5,100
21666,3,100
21667,15,100
21668,0,100
21669,3,100
21670,15,100
21674,8,100
21678,26,100
21679,10,100
21680,7,100
21681,7,100
21685,15,100
21688,6,100
21691,29,100
21692,6,100
21693,29,100
21696,29,100
21697,12,100
21700,7,100
21701,22,100
21702,8,100
21704,0,100
21706,22,100
21709,2,100
21710,3,100
21712,3,100
21713,3,100
21714,7,100
21717,13,100
21721,15,100
21723,15,100
21724,3,100
21728,3,100
21729,31,100
21731,7,100
21733,22,100
21737,0,100
21738,1,100
21741,15,100
21743,15,100
21744,7,100
21745,12,100
21748,22,100
21749,1,100
21750,4,100
21752,13,100
21753,13,100
21756,13,100
21758,13,100
21759,9,100
21763,24,100
21764,24,100
21765,24,100
21766,24,100
21769,22,100
21771,13,100
21774,13,100
21776,9,100
21779,31,100
21781,25,100
21782,0,100
21783,19,100
21787,0,100
21789,0,100
21790,13,100
21793,19,100
21794,0,100
21795,19,100
21798,5,100
21802,20,100
21805,14,100
21806,4,100
21807,4,100
21808,0,100
21809,19,100
21811,25,100
21815,21,100
21819,19,100
21820,23,100
21821,30,100
21822,23,100
21824,19,100
21830,4,100
21831,8,100
21835,27,100
21837,5,100
21838,30,100
21840,0,100
21841,15,100
21842,27,100
21843,14,100
21844,22,100
21846,27,100
21847,25,100
21848,0,100
21849,19,100
21850,27,100
21851,29,100
21853,8,100
21854,29,100
21855,22,100
21856,1,100
21860,22,100
21861,22,100
21862,25,100
21866,21,100
21868,22,100
21870,22,100
21872,22,100
21877,13,100
21878,21,100
21879,29,100
21884,7,100
21885,29,100
21886,29,100
21890,21,100
21894,15,100
21895,15,100
21896,15,100
21897,12,100
21898,15,100
21899,1,100
21900,13,100
21904,12,100
21905,2,100
21906,9,100
21907,0,100
21908,3,100
21909,27,100
21911,14,100
21913,23,100
21915,5,100
21917,19,100
21920,0,100
21921,20,100
21922,22,100
21923,29,100
21926,7,100
21928,9,100
21929,0,100
21931,27,100
21934,10,100
21935,22,100
21939,29,100
21941,0,100
21945,31,100
21947,22,100
21948,9,100
21950,15,100
21953,29,100
21956,29,100
21957,31,100
21962,22,100
21965,22,100
21967,17,100
21968,17,100
21969,17,100
21970,17,100
21973,23,100
21974,17,100
21977,22,100
21978,19,100
21981,23,100
21982,4,100
21986,3,100
21992,17,100
21994,17,100
21995,24,100
21998,29,100
22000,6,100
22001,21,100
22002,25,100
22004,10,100
22006,5,100
22008,13,100
22017,7,100
22018,7,100
22020,27,100
22021,16,100
22023,10,100
22033,13,100
22034,8,100
22035,4,100
22037,29,100
22038,17,100
22039,20,100
22040,24,100
22041,23,100
22045,25,100
22048,22,100
22049,10,100
22050,13,100
22051,25,100
22056,0,100
22057,3,100
22058,3,100
22060,7,100
22067,25,100
22071,20,100
22078,21,100
22079,17,100
22082,17,100
22083,17,100
22085,1,100
22086,6,100
22087,12,100
22088,17,100
22089,13,100
22091,22,100
22094,25,100
22095,20,100
22096,31,100
22100,29,100
22101,25,100
22103,25,100
22107,21,100
22108,25,100
22109,25,100
22110,23,100
22112,3,100
22122,25,100
22123,17,100
22124,17,100
22125,10,100
22127,6,100
22128,17,100
22130,24,100
22131,25,100
22133,17,100
22136,10,100
22138,31,100
22139,24,100
22142,20,100
22143,31,100
22145,24,100
22147,31,100
22153,26,100
22154,27,100
22155,16,100
22156,22,100
22160,1,100
22162,25,100
22166,7,100
22170,23,100
22171,25,100
22174,24,100
22175,22,100
22176,20,100
22177,22,100
22181,22,100
22183,22,100
22186,30,100
22189,28,100
22192,14,100
22193,11,100
22194,25,100
22196,31,100
22197,0,100
22198,3,100
22199,3,100
22200,4,100
22201,27,100
22202,16,100
22204,7,100
22206,7,100
22208,19,100
22210,19,100
22212,19,100
22213,10,100
22215,7,100
22216,8,100
22217,24,100
22220,6,100
22221,15,100
22223,17,100
22224,21,100
22225,19,100
22226,12,100
22227,30,100
22230,22,100
22232,10,100
22238,25,100
22239,28,100
22241,4,100
22242,0,100
22251,13,100
22252,14,100
22255,17,100
22256,7,100
22260,3,100
22261,3,100
22262,15,100
22265,7,100
22266,3,100
22268,25,100
22269,29,100
22270,4,100
22271,17,100
22273,10,100
22274,26,100
22275,11,100
22276,23,100
22278,0,100
22279,2,100
22283,3,100
22284,1,100
22285,27,100
22288,10,100
22292,31,100
22293,20,100
22295,25,100
22296,3,100
22297,4,100
22302,25,100
22304,25,100
22306,21,100
22308,3,100
22309,10,100
22311,1,100
22314,23,100
22316,29,100
22317,25,100
22321,10,100
22322,24,100
22324,14,100
22325,29,100
22326,20,100
22328,0,100
22330,3,100
22332,16,100
22334,21,100
22338,1,100
22344,22,100
22348,25,100
22349,17,100
22350,17,100
22351,15,100
22352,17,100
22353,17,100
22356,25,100
22358,6,100
22359,22,100
22361,17,100
22363,3,100
22364,22,100
22366,4,100
22367,0,100
22370,1,100
22372,4,100
22373,17,100
22374,17,100
22376,3,100
22377,23,100
22379,4,100
22382,4,100
22383,31,100
22384,11,100
22387,14,100
22389,19,100
22392,25,100
22395,22,100
22396,19,100
22397,17,100
22401,14,100
22402,14,100
22403,14,100
22405,14,100
22407,10,100
22408,10,100
22410,14,100
22411,10,100
22417,19,100
22421,28,100
22429,3,100
22433,15,100
22434,27,100
22437,25,100
22441,17,100
22445,3,100
22446,17,100
22450,17,100
22452,3,100
22456,3,100
22459,3,100
22460,22,100
22461,23,100
22464,22,100
22465,22,100
22467,26,100
22471,23,100
22472,8,100
22473,8,100
22475,17,100
22476,23,100
22477,20,100
22478,3,100
22479,22,100
22481,23,100
22484,13,100
22491,20,100
22492,12,100
22493,31,100
22494,31,100
22495,3,100
22496,10,100
22498,3,100
22503,17,100
22506,17,100
22508,17,100
22509,17,100
22511,21,100
22512,17,100
22513,1,100
22514,17,100
22515,17,100
22519,17,100
22520,17,100
22521,31,100
22524,17,100
22526,7,100
22527,31,100
22528,17,100
22529,22,100
22530,29,100
22531,5,100
22532,21,100
22533,20,100
22536,31,100
22538,26,100
22541,12,100
22543,31,100
22545,2,100
22548,1,100
22549,31,100
22550,20,100
22556,17,100
22557,17,100
22558,17,100
22561,17,100
22565,17,100
22566,17,100
22569,12,100
22570,17,100
22571,12,100
22572,17,100
22573,19,100
22576,12,100
22577,25,100
22581,23,100
22582,12,100
22583,14,100
22585,4,100
22587,12,100
22589,6,100
22591,5,100
22596,11,100
22598,3,100
22599,17,100
22600,0,100
22602,31,100
22603,19,100
22609,19,100
22610,25,100
22611,4,100
22613,4,100
22618,29,100
22621,11,100
22624,23,100
22629,1,100
22630,4,100
22633,11,100
22636,6,100
22637,12,100
22638,25,100
22639,19,100
22640,2,100
22641,2,100
22643,3,100
22644,3,100
22646,27,100
22647,16,100
22648,10,100
22649,25,100
22651,25,100
22652,13,100
22653,29,100
22654,25,100
22655,12,100
22657,8,100
22660,13,100
22661,8,100
22663,8,100
22668,0,100
22672,3,100
22673,27,100
22675,4,100
22679,24,100
22682,8,100
22683,8,100
22684,6,100
22685,22,100
22686,12,100
22688,4,100
22693,12,100
22696,22,100
22705,26,100
22708,15,100
22710,1,100
22711,10,100
22712,10,100
22714,29,100
22719,24,100
22721,20,100
22722,0,100
22723,22,100
22724,1,100
22728,7,100
22729,24,100
22731,23,100
22732,25,100
22739,1,100
22749,22,100
22750,22,100
22751,25,100
22753,16,100
22755,11,100
22756,14,100
22758,6,100
22762,15,100
22764,14,100
22767,31,100
22768,7,100
22770,24,100
22771,7,100
22773,7,100
22774,22,100
22775,30,100
22777,29,100
22779,29,100
22780,8,100
22781,11,100
22782,6,100
22786,25,100
22790,31,100
22793,4,100
22794,4,100
22798,1,100
22799,8,100
22801,7,100
22802,6,100
22803,14,100
22804,31,100
22806,4,100
22808,26,100
22809,4,100
22810,8,100
22811,30,100
22818,30,100
22819,26,100
22823,22,100
22824,7,100
22826,31,100
22827,21,100
22828,1,100
22829,31,100
22830,10,100
22832,12,100
22833,3,100
22834,3,100
22835,31,100
22840,2,100
22841,25,100
22842,31,100
22843,16,100
22845,1,100
22846,25,100
22848,7,100
22850,29,100
22853,10,100
22855,7,100
22858,31,100
22860,29,100
22862,22,100
22864,20,100
22866,25,100
22868,31,100
22869,31,100
22871,31,100
22876,25,100
22877,31,100
22881,14,100
22882,4,100
22883,26,100
22886,31,100
22889,31,100
22891,31,100
22892,0,100
22893,22,100
22895,15,100
22896,12,100
22899,4,100
22901,29,100
22902,10,100
22904,22,100
22905,12,100
22906,4,100
22907,10,100
22909,22,100
22910,31,100
22913,14,100
22914,10,100
22915,20,100
22916,6,100
22917,25,100
22918,1,100
22919,13,100
22920,29,100
22921,1,100
22924,12,100
22926,11,100
22928,15,100
22929,9,100
22932,30,100
22933,0,100
22934,19,100
22935,24,100
22937,25,100
22941,0,100
22944,25,100
22950,3,100
22952,11,100
22956,1,100
22957,13,100
22959,25,100
22960,25,100
22961,25,100
22962,12,100
22964,3,100
22965,31,100
22967,28,100
22973,1,100
22974,10,100
22977,24,100
22978,30,100
22980,4,100
22981,5,100
22983,14,100
22984,4,100
22986,25,100
22988,4,100
22989,26,100
22992,15,100
22994,3,100
22996,29,100
22997,28,100
22998,29,100
22999,29,100
23000,22,100
23001,22,100
23002,22,100
23006,18,100
23008,22,100
23009,0,100
23011,31,100
23012,12,100
23015,10,100
23017,22,100
23020,8,100
23023,4,100
23024,31,100
23025,1,100
23029,12,100
23030,0,100
23032,31,100
23034,14,100
23035,25,100
23037,10,100
23040,24,100
23042,12,100
23044,9,100
23045,9,100
23046,9,100
23047,9,100
23048,25,100
23050,24,100
23056,4,100
23058,7,100
23062,4,100
23067,10,100
23069,9,100
23072,28,100
23073,15,100
23076,21,100
23077,12,100
23079,18,100
23080,11,100
23083,12,100
23085,21,100
23087,13,100
23090,18,100
23101,25,100
23105,29,100
23106,18,100
23110,18,100
23112,31,100
23113,10,100
23114,1,100
23120,25,100
23121,25,100
23122,20,100
23124,4,100
23125,12,100
23126,18,100
23127,18,100
23129,4,100
23131,19,100
23133,10,100
23136,21,100
23137,21,100
23139,13,100
23141,18,100
23143,1,100
23144,24,100
23145,22,100
23146,24,100
23151,21,100
23152,21,100
23153,12,100
23155,14,100
23156,20,100
23158,3,100
23159,19,100
23160,29,100
23163,19,100
23164,14,100
23166,5,100
23168,0,100
23169,3,100
23170,19,100
23172,4,100
23174,6,100
23175,14,100
23176,4,100
23180,0,100
23181,19,100
23186,18,100
23189,24,100
23190,29,100
23192,13,100
23193,0,100
23194,3,100
23195,19,100
23197,29,100
23198,11,100
23200,13,100
23201,19,100
23204,19,100
23205,0,100
23207,27,100
23208,4,100
23209,29,100
23210,26,100
23211,29,100
23213,17,100
23217,7,100
23219,9,100
23220,9,100
23221,9,100
23222,9,100
23223,1,100
23224,9,100
23228,9,100
23230,9,100
23234,29,100
23239,17,100
23240,4,100
23242,11,100
23243,24,100
23250,26,100
23253,17,100
23256,6,100
23257,5,100
23258,1,100
23260,6,100
23261,1,100
23262,26,100
23264,25,100
23269,7,100
23271,10,100
23272,10,100
23273,24,100
23274,4,100
23277,17,100
23278,17,100
23280,4,100
23282,4,100
23285,17,100
23286,17,100
23288,19,100
23292,10,100
23293,13,100
23294,13,100
23295,14,100
23297,27,100
23299,29,100
23300,29,100
23303,25,100
23305,17,100
23307,10,100
23309,1,100
23310,27,100
23311,22,100
23313,25,100
23314,5,100
23315,12,100
23316,10,100
23317,28,100
23319,29,100
23320,13,100
23322,13,100
23323,7,100
23325,7,100
23326,20,100
23327,29,100
23329,29,100
23330,29,100
23334,12,100
23335,1,100
23336,20,100
23337,24,100
23338,25,100
23339,29,100
23342,29,100
23343,2,100
23344,29,100
23346,8,100
23348,12,100
23351,8,100
23352,31,100
23353,29,100
23355,7,100
23356,12,100
23364,29,100
23366,4,100
23367,3,100
23369,25,100
23370,1,100
23372,19,100
23373,1,100
23374,19,100
23375,21,100
23378,25,100
23379,13,100
23380,25,100
23381,13,100
23388,24,100
23389,6,100
23394,21,100
23399,29,100
23400,10,100
23405,25,100
23413,31,100
23414,19,100
23415,19,100
23416,29,100
23417,27,100
23418,25,100
23420,24,100
23422,13,100
23428,29,100
23431,25,100
23432,13,100
23433,13,100
23435,19,100
23436,10,100
23441,4,100
23444,29,100
23445,19,100
23448,22,100
23454,17,100
23455,0,100
23456,19,100
23458,26,100
23460,15,100
23465,4,100
23468,10,100
23469,0,100
23476,19,100
23477,19,100
23479,31,100
23487,12,100
23489,26,100
23491,2,100
23493,15,100
23494,21,100
23495,0,100
23496,7,100
23498,15,100
23503,29,100
23505,2,100
23506,5,100
23507,29,100
23509,21,100
23512,10,100
23514,12,100
23515,1,100
23516,29,100
23517,29,100
23518,29,100
23520,29,100
23521,12,100
23522,29,100
23526,29,100
23529,29,100
23530,14,100
23531,6,100
23532,12,100
23537,15,100
23538,29,100
23540,29,100
23541,6,100
23543,26,100
23546,13,100
23551,1,100
23556,2,100
23561,7,100
23564,5,100
23566,2,100
23568,8,100
23573,2,100
23578,8,100
23579,2,100
23582,1,100
23585,5,100
23588,24,100
23589,6,100
23590,4,100
23591,28,100
23592,1,100
23594,29,100
23595,5,100
23598,14,100
23599,4,100
23601,1,100
23602,2,100
23603,19,100
23604,25,100
23605,6,100
23606,2,100
23607,19,100
23608,1,100
23611,14,100
23613,6,100
23614,29,100
23615,29,100
23616,12,100
23617,4,100
23619,29,100
23621,29,100
23623,4,100
23626,13,100
23627,22,100
23628,1,100
23629,4,100
23630,29,100
23633,5,100
23635,19,100
23637,1,100
23642,5,100
23644,19,100
23646,4,100
23647,22,100
23650,29,100
23651,23,100
23654,2,100
23657,19,100
23658,1,100
23660,29,100
23661,2,100
23662,26,100
23663,2,100
23668,29,100
23672,1,100
23673,17,100
23675,8,100
23676,19,100
23678,17,100
23679,25,100
23680,4,100
23682,17,100
23686,24,100
23687,14,100
23688,17,100
23690,25,100
23692,13,100
23697,13,100
23698,13,100
23699,29,100
23701,5,100
23706,8,100
23708,8,100
23715,2,100
23716,4,100
23717,29,100
23718,29,100
23720,4,100
23721,18,100
23722,4,100
23724,29,100
23726,17,100
23727,22,100
23734,22,100
23736,1,100
23737,4,100
23739,5,100
23740,13,100
23742,13,100
23743,5,100
23744,5,100
23745,17,100
23747,1,100
23749,7,100
23751,13,100
23754,29,100
23755,1,100
23757,1,100
23761,0,100
23764,1,100
23766,10,100
23767,0,100
23768,20,100
23771,8,100
23773,1,100
23775,28,100
23779,8,100
23780,25,100
23781,20,100
23785,12,100
23786,1,100
23787,29,100
23788,7,100
23789,18,100
23790,7,100
23791,0,100
23796,6,100
23797,29,100
23799,4,100
23800,23,100
23801,25,100
23803,23,100
23805,23,100
23809,6,100
23811,29,100
23813,10,100
23817,1,100
23818,0,100
23819,27,100
23820,6,100
23822,6,100
23823,25,100
23825,1,100
23827,25,100
23828,22,100
23832,23,100
23835,22,100
23837,24,100
23839,4,100
23841,7,100
23842,5,100
23843,23,100
23844,6,100
23845,25,100
23846,14,100
23847,21,100
23850,0,100
23851,27,100
23852,25,100
23856,19,100
23858,19,100
23859,4,100
23861,25,100
23863,24,100
23864,29,100
23865,25,100
23866,1,100
23868,13,100
23869,17,100
23870,29,100
23871,28,100
23873,8,100
23875,29,100
23879,10,100
23881,1,100
23882,29,100
23883,25,100
23886,21,100
23887,22,100
23890,22,100
23891,22,100
23893,29,100
23894,17,100
23895,22,100
23896,23,100
23899,20,100
23904,25,100
23905,29,100
23907,29,100
23909,4,100
23910,4,100
23912,4,100
23913,27,100
23916,27,100
23917,29,100
23919,25,100
23920,25,100
23921,19,100
23923,19,100
23924,5,100
23928,29,100
23934,25,100
23935,2,100
23939,19,100
23941,19,100
23943,19,100
23944,19,100
23945,19,100
23947,19,100
23948,19,100
23955,1,100
23957,29,100
23962,27,100
23963,22,100
23965,25,100
23966,25,100
23967,29,100
23969,22,100
23970,8,100
23971,15,100
23972,7,100
23973,2,100
23974,20,100
23975,2,100
23976,29,100
23979,25,100
23980,22,100
23981,9,100
23984,25,100
23985,29,100
23986,25,100
23987,19,100
23992,29,100
23994,22,100
23996,5,100
24004,7,100
24005,7,100
24006,25,100
24007,31,100
24008,12,100
24010,14,100
24012,10,100
24013,20,100
24015,14,100
24018,2,100
24021,12,100
24023,10,100
24024,26,100
24025,6,100
24027,31,100
24029,4,100
24030,1,100
24032,26,100
24033,20,100
24034,31,100
24035,1,100
24036,22,100
24037,14,100
24038,15,100
24040,9,100
24041,1,100
24043,27,100
24047,1,100
24048,10,100
24049,4,100
24052,29,100
24056,25,100
24059,31,100
24062,13,100
24065,4,100
24066,31,100
24068,13,100
24069,31,100
24072,28,100
24075,5,100
24076,26,100
24079,25,100
24080,7,100
24084,30,100
24086,24,100
24088,31,100
24092,10,100
24094,17,100
24095,17,100
24096,8,100
24097,17,100
24098,17,100
24100,17,100
24101,17,100
24103,17,100
24106,19,100
24108,17,100
24112,17,100
24113,17,100
24114,14,100
24115,17,100
24128,1,100
24130,19,100
24134,31,100
24135,12,100
24137,17,100
24138,4,100
24141,17,100
24145,31,100
24147,17,100
24149,17,100
24150,26,100
24155,15,100
24157,19,100
24159,1,100
24163,3,100
24164,25,100
24165,23,100
24167,29,100
24169,17,100
24171,29,100
24173,31,100
24174,14,100
24176,25,100
24178,21,100
24179,25,100
24181,28,100
24183,24,100
24184,25,100
24185,10,100
24186,24,100
24187,14,100
24191,4,100
24196,14,100
24197,25,100
24199,17,100
24200,17,100
24202,17,100
24203,17,100
24205,17,100
24206,8,100
24207,17,100
24208,17,100
24210,17,100
24211,11,100
24212,21,100
24213,1,100
24215,17,100
24216,10,100
24218,17,100
24219,17,100
24221,25,100
24222,8,100
24223,21,100
24228,0,100
24231,3,100
24233,19,100
24237,25,100
24239,23,100
24243,29,100
24244,1,100
24246,14,100
24247,24,100
24249,14,100
24250,23,100
24251,17,100
24252,22,100
24254,25,100
24255,1,100
24257,3,100
24258,24,100
24261,21,100
24263,25,100
24266,29,100
24277,21,100
24280,27,100
24289,10,100
24291,25,100
24292,10,100
24293,20,100
24294,17,100
24295,13,100
24298,13,100
24301,19,100
24302,22,100
24304,2,100
24305,15,100
24308,27,100
24310,19,100
24311,17,100
24313,21,100
24314,24,100
24316,13,100
24317,22,100
24321,17,100
24323,29,100
24326,25,100
24327,12,100
24328,14,100
24332,7,100
24333,25,100
24334,26,100
24337,10,100
24338,31,100
24340,24,100
24341,26,100
24342,14,100
24344,29,100
24345,31,100
24348,7,100
24349,7,100
24350,7,100
24352,17,100
24355,22,100
24359,19,100
24361,25,100
24362,25,100
24364,14,100
24367,28,100
24368,17,100
24369,29,100
24370,17,100
24371,15,100
24372,3,100
24374,17,100
24375,17,100
24376,17,100
24377,2,100
24378,2,100
24380,19,100
24381,0,100
24382,3,100
24383,7,100
24384,15,100
24385,15,100
24386,15,100
24387,27,100
24388,14,100
24389,17,100
24390,12,100
24392,17,100
24393,6,100
24396,1,100
24397,17,100
24402,17,100
24403,3,100
24404,4,100
24407,14,100
24410,10,100
24411,29,100
24412,17,100
24413,14,100
24416,14,100
24418,29,100
24420,2,100
24421,26,100
24422,7,100
24423,25,100
24424,25,100
24426,15,100
24427,1,100
24429,19,100
24430,28,100
24433,12,100
24434,10,100
24436,25,100
24439,22,100
24441,14,100
24444,12,100
24445,13,100
24446,14,100
24447,7,100
24451,20,100
24452,25,100
24455,14,100
24456,19,100
24457,7,100
24458,22,100
24460,7,100
24461,29,100
24462,31,100
24465,26,100
24468,3,100
24469,14,100
24470,7,100
24471,10,100
24473,10,100
24477,14,100
24478,15,100
24480,14,100
24481,25,100
24482,4,100
24483,14,100
24484,25,100
24491,10,100
24492,31,100
24493,31,100
24494,6,100
24497,24,100
24498,14,100
24499,10,100
24500,14,100
24501,24,100
24505,3,100
24506,25,100
24511,31,100
24515,14,100
24517,1,100
24521,22,100
24522,10,100
24523,20,100
24526,20,100
24528,28,100
24533,22,100
24534,22,100
24537,28,100
24539,15,100
24540,28,100
24542,4,100
24543,19,100
24545,14,100
24546,7,100
24547,22,100
24549,14,100
24554,7,100
24555,10,100
24557,23,100
24562,8,100
24563,1,100
24565,14,100
24566,14,100
24567,11,100
24572,14,100
24573,31,100
24577,19,100
24579,4,100
24580,13,100
24582,10,100
24584,13,100
24585,17,100
24586,20,100
24588,25,100
24589,10,100
24590,25,100
24593,10,100
24595,10,100
24602,8,100
24605,25,100
24606,10,100
24607,31,100
24612,10,100
24616,7,100
24617,2,100
24619,19,100
24620,3,100
24621,19,100
24622,22,100
24623,14,100
24625,16,100
24626,1,100
24627,31,100
24628,19,100
24629,10,100
24631,3,100
24635,3,100
24637,1,100
24638,15,100
24639,28,100
24643,24,100
24645,6,100
24649,6,100
24650,3,100
24653,3,100
24655,10,100
24656,21,100
24658,25,100
24659,25,100
24661,1,100
24663,10,100
24664,14,100
24665,25,100
24669,26,100
24670,25,100
24672,17,100
24673,25,100
24674,10,100
24675,24,100
24676,8,100
24679,20,100
24681,28,100
24682,6,100
24684,22,100
24692,14,100
24693,22,100
24695,19,100
24697,21,100
24699,28,100
24705,24,100
24706,14,100
24709,26,100
24710,24,100
24712,19,100
24716,3,100
24724,29,100
24728,17,100
24730,17,100
24731,17,100
24733,19,100
24735,18,100
24736,4,100
24738,6,100
24739,20,100
24745,14,100
24746,3,100
24748,13,100
24750,10,100
24751,14,100
24752,1,100
24753,21,100
24758,19,100
24759,10,100
24760,4,100
24763,1,100
24764,10,100
24765,25,100
24768,20,100
24772,22,100
24773,14,100
24775,20,100
24777,29,100
24778,8,100
24779,2,100
24780,11,100
24781,25,100
24782,24,100
24784,14,100
24785,28,100
24786,14,100
24788,6,100
24794,29,100
24799,29,100
24800,25,100
24801,14,100
24803,29,100
24804,25,100
24808,25,100
24812,10,100
24813,22,100
24819,31,100
24822,3,100
24823,0,100
24824,27,100
24827,0,100
24828,19,100
24830,26,100
24835,10,100
24840,10,100
24847,25,100
24848,5,100
24850,20,100
24851,11,100
24852,2,100
24856,31,100
24857,20,100
24859,26,100
24861,13,100
24863,0,100
24864,1,100
24865,1,100
24867,10,100
24868,4,100
24872,3,100
24873,14,100
24874,25,100
24876,11,100
24878,25,100
24880,10,100
24882,22,100
24888,14,100
24890,1,100
24891,1,100
24893,24,100
24894,23,100
24895,5,100
24896,15,100
24898,25,100
24899,21,100
24901,31,100
24903,3,100
24906,27,100
24908,14,100
24909,25,100
24910,4,100
24912,25,100
24913,17,100
24915,12,100
24916,24,100
24921,17,100
24922,24,100
24924,10,100
24926,24,100
24929,28,100
24930,17,100
24931,22,100
24933,14,100
24934,5,100
24936,4,100
24938,25,100
24943,22,100
24947,20,100
24948,6,100
24949,14,100
24950,6,100
24952,24,100
24953,20,100
24954,22,100
24957,28,100
24958,20,100
24960,21,100
24961,23,100
24962,2,100
24963,25,100
24965,22,100
24969,5,100
24973,1,100
24975,13,100
24978,25,100
24979,3,100
24980,19,100
24981,24,100
24983,17,100
24984,8,100
24986,3,100
24991,25,100
24994,17,100
24998,17,100
24999,13,100
25002,13,100
25007,29,100
25010,22,100
25011,1,100
25013,13,100
25014,13,100
25018,29,100
25021,4,100
25023,10,100
25024,13,100
25026,29,100
25027,25,100
25029,19,100
25031,22,100
25033,4,100
25034,13,100
25038,0,100
25039,16,100
25043,29,100
25045,1,100
25049,4,100
25050,16,100
25054,2,100
25055,29,100
25056,12,100
25058,1,100
25064,25,100
25066,25,100
25071,5,100
25072,14,100
25073,5,100
25074,19,100
25075,19,100
25076,19,100
25077,26,100
25079,6,100
25082,26,100
25084,1,100
25085,10,100
25086,7,100
25087,18,100
25088,30,100
25091,27,100
25093,2,100
25096,7,100
25097,19,100
25098,0,100
25100,27,100
25108,8,100
25111,19,100
25114,13,100
25116,2,100
25119,27,100
25124,2,100
25125,25,100
25126,27,100
25128,7,100
25129,10,100
25132,21,100
25133,1,100
25134,26,100
25136,21,100
25137,31,100
25138,23,100
25139,24,100
25140,22,100
25141,22,100
25142,20,100
25144,22,100
25145,0,100
25148,10,100
25152,22,100
25153,25,100
25155,28,100
25157,15,100
25159,25,100
25160,15,100
25161,12,100
25164,9,100
25170,27,100
25171,22,100
25172,31,100
25173,15,100
25174,0,100
25175,2,100
25179,7,100
25181,18,100
25182,1,100
25188,1,100
25190,22,100
25193,31,100
25195,25,100
25197,19,100
25199,25,100
25200,19,100
25201,24,100
25202,19,100
25203,8,100
25206,13,100
25207,8,100
25208,13,100
25210,14,100
25211,10,100
25213,31,100
25214,1,100
25219,6,100
25220,6,100
25222,6,100
25224,7,100
25225,10,100
25228,28,100
25231,21,100
25232,24,100
25233,26,100
25234,26,100
25237,20,100
25238,24,100
25239,1,100
25240,0,100
25243,19,100
25244,25,100
25245,6,100
25246,6,100
25248,6,100
25249,6,100
25250,6,100
25252,25,100
25253,2,100
25254,26,100
25255,31,100
25260,5,100
25263,26,100
25264,26,100
25265,6,100
25266,26,100
25267,24,100
25269,14,100
25271,25,100
25281,26,100
25283,26,100
25284,25,100
25285,28,100
25288,4,100
25290,10,100
25291,24,100
25292,26,100
25296,19,100
25300,25,100
25303,25,100
25304,6,100
25305,20,100
25306,26,100
25308,7,100
25309,6,100
25310,21,100
25311,28,100
25315,25,100
25321,24,100
25323,31,100
25324,14,100
25325,20,100
25326,20,100
25327,10,100
25329,28,100
25330,19,100
25331,20,100
25332,14,100
25335,20,100
25340,20,100
25341,28,100
25344,4,100
25348,26,100
25349,26,100
25350,4,100
25352,6,100
25353,10,100
25355,10,100
25356,6,100
25359,25,100
25361,20,100
25364,28,100
25369,24,100
25371,1,100
25373,25,100
25374,1,100
25375,14,100
25376,28,100
25377,10,100
25383,4,100
25385,6,100
25388,14,100
25389,28,100
25393,23,100
25396,8,100
25399,14,100
25400,19,100
25403,10,100
25404,6,100
25405,28,100
25408,6,100
25409,28,100
25413,5,100
25415,6,100
25417,26,100
25418,6,100
25421,21,100
25422,0,100
25424,14,100
25429,19,100
25430,1,100
25434,24,100
25438,17,100
25439,17,100
25441,4,100
25442,17,100
25445,25,100
25446,31,100
25447,17,100
25449,7,100
25451,25,100
25452,25,100
25453,19,100
25455,29,100
25458,6,100
25459,31,100
25461,31,100
25462,20,100
25466,14,100
25467,25,100
25468,6,100
25469,10,100
25471,7,100
25473,13,100
25477,25,100
25478,17,100
25480,17,100
25481,17,100
25484,17,100
25486,15,100
25487,19,100
25488,11,100
25495,8,100
25501,25,100
25502,4,100
25503,21,100
25506,25,100
25507,21,100
25508,18,100
25509,8,100
25512,1,100
25513,19,100
25514,25,100
25520,29,100
25521,29,100
25526,5,100
25528,7,100
25529,23,100
25531,0,100
25533,7,100
25535,11,100
25536,25,100
25540,28,100
25541,0,100
25542,19,100
25543,6,100
25546,28,100
25554,19,100
25558,8,100
25564,21,100
25565,14,100
25569,13,100
25571,14,100
25572,25,100
25573,19,100
25576,17,100
25578,7,100
25580,10,100
25581,7,100
25582,8,100
25584,17,100
25588,17,100
25590,18,100
25593,17,100
25597,24,100
25598,0,100
25603,27,100
25604,11,100
25605,19,100
25606,25,100
25608,24,100
25609,21,100
25610,31,100
25612,29,100
25614,8,100
25615,13,100
25620,3,100
25621,31,100
25623,14,100
25624,20,100
25626,17,100
25627,17,100
25628,17,100
25630,17,100
25631,17,100
25635,17,100
25636,17,100
25637,17,100
25640,22,100
25641,17,100
25643,28,100
25647,23,100
25648,22,100
25652,8,100
25653,22,100
25655,25,100
25659,6,100
25661,29,100
25662,23,100
25663,19,100
25665,22,100
25668,19,100
25669,3,100
25670,25,100
25671,25,100
25676,17,100
25679,6,100
25681,17,100
25684,17,100
25685,17,100
25686,6,100
25687,6,100
25689,2,100
25690,10,100
25691,22,100
25693,21,100
25694,14,100
25696,25,100
25697,28,100
25701,19,100
25703,31,100
25707,19,100
25708,31,100
25709,31,100
25713,15,100
25716,0,100
25717,16,100
25718,8,100
25721,17,100
25725,17,100
25726,17,100
25729,17,100
25730,22,100
25731,6,100
25732,10,100
25735,18,100
25737,22,100
25740,17,100
25742,17,100
25743,25,100
25747,22,100
25749,21,100
25750,25,100
25751,21,100
25752,6,100
25754,25,100
25755,25,100
25756,6,100
25758,2,100
25760,7,100
25763,6,100
25764,3,100
25767,31,100
25768,0,100
25769,31,100
25770,1,100
25771,1,100
25773,31,100
25774,14,100
25776,16,100
25779,26,100
25781,0,100
25782,17,100
25783,15,100
25787,17,100
25794,4,100
25795,22,100
25796,22,100
25797,31,100
25798,12,100
25799,26,100
25802,14,100
25803,21,100
25806,22,100
25807,10,100
25809,31,100
25810,25,100
25812,22,100
25813,25,100
25815,8,100
25817,14,100
25818,31,100
25819,31,100
25827,18,100
25828,0,100
25829,26,100
25830,1,100
25831,1,100
25833,26,100
25834,14,100
25837,25,100
25840,31,100
25841,20,100
25842,17,100
25843,21,100
25844,18,100
25845,17,100
25846,17,100
25855,19,100
25856,6,100
25857,10,100
25858,21,100
25859,1,100
25861,7,100
25862,4,100
25863,25,100
25864,4,100
25865,19,100
25867,17,100
25868,10,100
25869,10,100
25870,13,100
25871,6,100
25872,13,100
25873,13,100
25876,26,100
25878,22,100
25880,19,100
25881,0,100
25882,7,100
25884,27,100
25885,16,100
25886,0,100
25889,29,100
25891,26,100
25892,29,100
25893,29,100
25894,10,100
25896,10,100
25898,13,100
25899,10,100
25900,24,100
25904,10,100
25907,5,100
25908,21,100
25913,12,100
25914,0,100
25915,27,100
25916,16,100
25922,14,100
25924,28,100
25925,1,100
25926,20,100
25927,29,100
25930,25,100
25932,19,100
25936,11,100
25937,11,100
25941,19,100
25942,24,100
25946,13,100
25948,13,100
25949,21,100
25950,7,100
25952,0,100
25953,19,100
25955,27,100
25959,19,100
25962,10,100
25964,29,100
25965,21,100
25967,21,100
25969,24,100
25971,11,100
25974,25,100
25980,16,100
25983,2,100
25984,1,100
25986,22,100
25987,25,100
25990,13,100
25994,25,100
25995,29,100
25996,0,100
25997,0,100
26001,18,100
26002,28,100
26003,19,100
26005,25,100
26010,5,100
26018,14,100
26019,5,100
26020,2,100
26021,2,100
26023,29,100
26024,0,100
26027,27,100
26031,10,100
26032,19,100
26033,23,100
26034,6,100
26037,25,100
26040,0,100
26041,19,100
26042,27,100
26043,1,100
26045,5,100
26050,20,100
26051,28,100
26052,13,100
26053,12,100
26054,6,100
26058,26,100
26059,28,100
26060,4,100
26061,14,100
26063,25,100
26064,8,100
26066,24,100
26068,31,100
26072,8,100
26073,25,100
26074,1,100
26075,6,100
26077,4,100
26079,24,100
26080,5,100
26083,14,100
26087,13,100
26090,25,100
26091,14,100
26095,26,100
26096,28,100
26097,31,100
26100,8,100
26101,22,100
26103,13,100
26106,19,100
26108,8,100
26109,8,100
26112,0,100
26113,25,100
26114,27,100
26115,16,100
26116,31,100
26120,10,100
26122,8,100
26124,11,100
26126,11,100
26127,14,100
26129,25,100
26130,25,100
26131,25,100
26134,25,100
26135,25,100
26136,25,100
26139,30,100
26142,30,100
26144,25,100
26146,4,100
26147,0,100
26150,25,100
26158,10,100
26159,20,100
26161,1,100
26163,22,100
26164,13,100
26166,5,100
26167,1,100
26168,5,100
26169,14,100
26171,25,100
26174,6,100
26179,16,100
26180,22,100
26181,13,100
26182,6,100
26184,10,100
26186,31,100
26191,18,100
26192,25,100
26193,19,100
26197,14,100
26200,2,100
26202,22,100
26203,25,100
26210,8,100
26211,2,100
26212,6,100
26213,11,100
26216,7,100
26217,23,100
26223,18,100
26224,9,100
26227,30,100
26229,1,100
26231,14,100
26233,9,100
26236,15,100
26237,3,100
26241,1,100
26242,29,100
26243,8,100
26244,4,100
26246,18,100
26247,14,100
26249,21,100
26251,8,100
26252,18,100
26253,25,100
26257,15,100
26258,13,100
26259,14,100
26260,2,100
26262,9,100
26267,18,100
26268,25,100
26271,7,100
26274,18,100
26275,18,100
26276,25,100
26280,22,100
26282,13,100
26286,19,100
26288,25,100
26294,8,100
26298,10,100
26302,7,100
26303,13,100
26305,13,100
26306,6,100
26307,18,100
26308,18,100
26310,1,100
26311,1,100
26313,14,100
26316,31,100
26317,6,100
26318,26,100
26319,22,100
26320,10,100
26322,21,100
26323,21,100
26324,17,100
26329,29,100
26330,6,100
26332,15,100
26334,15,100
26335,6,100
26337,24,100
26338,1,100
26339,13,100
26342,6,100
26343,13,100
26344,13,100
26345,5,100
26346,4,100
26348,5,100
26349,13,100
26351,5,100
26353,1,100
26355,5,100
26357,29,100
26360,25,100
26364,13,100
26367,13,100
26368,24,100
26371,1,100
26375,13,100
26377,1,100
26380,5,100
26381,13,100
26383,21,100
26384,1,100
26387,25,100
26388,7,100
26389,13,100
26391,0,100
26392,21,100
26394,11,100
26396,12,100
26397,17,100
26402,5,100
26404,13,100
26405,17,100
26410,13,100
26412,1,100
26413,26,100
26415,6,100
26416,19,100
26418,10,100
26422,5,100
26424,5,100
26426,13,100
26429,13,100
26434,24,100
26435,14,100
26436,24,100
26438,0,100
26441,31,100
26443,11,100
26446,16,100
26448,4,100
26449,8,100
26450,1,100
26452,10,100
26454,4,100
26456,29,100
26458,5,100
26459,13,100
26460,24,100
26461,22,100
26462,15,100
26463,0,100
26464,31,100
26466,25,100
26472,8,100
26473,29,100
26476,8,100
26479,7,100
26480,11,100
26481,27,100
26482,16,100
26486,8,100
26487,10,100
26488,10,100
26491,10,100
26492,4,100
26493,4,100
26494,21,100
26495,2,100
26496,0,100
26500,11,100
26501,27,100
26504,22,100
26509,15,100
26513,0,100
26514,0,100
26516,7,100
26517,11,100
26518,27,100
26522,12,100
26523,29,100
26524,26,100
26526,29,100
26529,21,100
26530,0,100
26535,16,100
26537,31,100
26538,25,100
26540,2,100
26541,25,100
26544,27,100
26545,11,100
26546,27,100
26549,19,100
26550,12,100
26551,25,100
26552,15,100
26554,23,100
26556,29,100
26557,26,100
26561,22,100
26562,14,100
26563,20,100
26565,14,100
26566,21,100
26569,3,100
26575,31,100
26577,11,100
26582,20,100
26584,0,100
26586,27,100
26587,16,100
26588,29,100
26590,11,100
26591,27,100
26593,22,100
26594,0,100
26596,11,100
26599,2,100
26602,22,100
26603,7,100
26604,18,100
26605,28,100
26607,0,100
26610,12,100
26621,29,100
26624,0,100
26625,13,100
26629,16,100
26632,13,100
26635,10,100
26637,25,100
26638,25,100
26640,9,100
26642,2,100
26647,27,100
26650,25,100
26652,1,100
26653,29,100
26658,3,100
26661,16,100
26662,1,100
26663,9,100
26664,9,100
26665,9,100
26666,9,100
26667,9,100
26668,7,100
26669,15,100
26674,7,100
26675,14,100
26676,29,100
26677,9,100
26678,9,100
26679,12,100
26682,9,100
26683,0,100
26684,1,100
26686,10,100
26687,25,100
26688,12,100
26689,0,100
26693,20,100
26694,22,100
26695,12,100
26697,22,100
26698,20,100
26699,14,100
26700,12,100
26701,25,100
26703,12,100
26704,2,100
26705,20,100
26706,10,100
26711,10,100
26712,18,100
26713,31,100
26717,1,100
26718,18,100
26721,22,100
26724,12,100
26725,23,100
26729,9,100
26735,12,100
26740,31,100
26743,4,100
26744,19,100
26746,12,100
26748,19,100
26749,26,100
26750,5,100
26753,0,100
26757,18,100
26758,18,100
26760,24,100
26764,7,100
26765,29,100
26766,25,100
26767,19,100
26768,19,100
26769,30,100
26771,18,100
26772,26,100
26773,7,100
26774,7,100
26776,24,100
26777,18,100
26778,29,100
26779,24,100
26780,18,100
26781,4,100
26784,1,100
26785,1,100
26786,9,100
26787,18,100
26788,22,100
26789,15,100
26791,31,100
26792,31,100
26793,12,100
26795,13,100
26800,25,100
26803,19,100
26808,1,100
26812,26,100
26813,25,100
26814,1,100
26815,12,100
26816,6,100
26818,25,100
26820,3,100
26821,1,100
26824,25,100
26827,30,100
26828,23,100
26829,25,100
26830,8,100
26833,0,100
26837,4,100
26839,12,100
26840,15,100
26841,22,100
26843,3,100
26845,25,100
26846,20,100
26847,29,100
26856,10,100
26858,3,100
26860,0,100
26861,9,100
26864,16,100
26867,7,100
26868,14,100
26869,20,100
26871,25,100
26873,0,100
26874,13,100
26879,24,100
26882,12,100
26884,5,100
26888,28,100
26890,29,100
26891,20,100
26892,2,100
26893,4,100
26894,6,100
26895,29,100
26899,12,100
26900,18,100
26902,5,100
26903,10,100
26906,9,100
26908,4,100
26910,10,100
26911,14,100
26912,22,100
26915,29,100
26919,22,100
26922,7,100
26927,31,100
26929,0,100
26931,0,100
26933,20,100
26934,22,100
26936,9,100
26937,9,100
26940,8,100
26941,20,100
26942,18,100
26944,18,100
26945,8,100
26949,10,100
26956,25,100
26960,11,100
26961,20,100
26963,23,100
26967,18,100
26969,12,100
26970,6,100
26971,13,100
26973,12,100
26977,15,100
26978,9,100
26979,6,100
26980,9,100
26983,9,100
26985,9,100
26988,14,100
26993,0,100
26994,18,100
26995,4,100
26996,12,100
27000,13,100
27001,13,100
27004,12,100
27006,24,100
27008,13,100
27009,7,100
27010,7,100
27012,5,100
27016,13,100
27017,13,100
27018,13,100
27019,19,100
27021,13,100
27022,24,100
27024,13,100
27026,3,100
27028,13,100
27031,13,100
27034,18,100
27035,18,100
27036,13,100
27037,18,100
27038,12,100
27040,1,100
27046,13,100
27047,24,100
27049,13,100
27051,24,100
27053,24,100
27054,25,100
27058,11,100
27059,19,100
27060,19,100
27061,24,100
27062,19,100
27063,17,100
27064,0,100
27067,20,100
27069,14,100
27070,1,100
27071,14,100
27072,6,100
27078,24,100
27079,13,100
27084,14,100
27085,24,100
27088,24,100
27090,21,100
27092,24,100
27093,17,100
27096,14,100
27098,11,100
27099,19,100
27101,1,100
27102,6,100
27104,11,100
27107,6,100
27109,28,100
27110,31,100
27112,0,100
27116,6,100
27119,19,100
27121,14,100
27123,5,100
27125,19,100
27126,11,100
27131,1,100
27137,17,100
27138,0,100
27142,25,100
27143,22,100
27144,25,100
27145,21,100
27147,28,100
27148,26,100
27149,24,100
27152,25,100
27155,21,100
27158,28,100
27159,1,100
27162,28,100
27165,11,100
27169,7,100
27171,26,100
27173,2,100
27174,24,100
27175,29,100
27176,30,100
27178,6,100
27179,14,100
27183,11,100
27184,26,100
27185,14,100
27187,26,100
27189,6,100
27191,14,100
27193,5,100
27194,25,100
27199,6,100
27202,10,100
27203,19,100
27210,4,100
27212,29,100
27214,25,100
27218,21,100
27220,7,100
27221,7,100
27223,21,100
27225,12,100
27227,1,100
27229,20,100
27231,12,100
27232,27,100
27233,1,100
27234,12,100
27237,29,100
27239,28,100
27242,21,100
27244,25,100
27245,7,100
27247,1,100
27248,29,100
27249,22,100
27252,1,100
27253,10,100
27259,31,100
27261,1,100
27263,5,100
27264,0,100
27267,19,100
27269,2,100
27270,21,100
27271,13,100
27274,13,100
27275,19,100
27282,29,100
27283,19,100
27286,6,100
27288,29,100
27291,29,100
27292,20,100
27294,19,100
27295,19,100
27296,12,100
27297,1,100
27298,25,100
27300,4,100
27303,6,100
27305,0,100
27308,4,100
27310,4,100
27311,10,100
27314,6,100
27316,6,100
27317,12,100
27318,2,100
27320,19,100
27322,5,100
27325,19,100
27327,1,100
27329,19,100
27333,24,100
27334,4,100
27335,2,100
27336,29,100
27342,6,100
27343,1,100
27344,25,100
27348,25,100
27349,20,100
27351,0,100
27352,2,100
27356,19,100
27357,19,100
27359,8,100
27362,6,100
27363,25,100
27365,17,100
27367,29,100
27368,1,100
27369,19,100
27373,5,100
27375,14,100
27379,10,100
27380,20,100
27381,6,100
27389,22,100
27390,19,100
27393,20,100
27395,26,100
27396,29,100
27401,29,100
27402,6,100
27403,6,100
27404,6,100
27406,25,100
27408,29,100
27409,6,100
27411,6,100
27416,6,100
27417,6,100
27418,6,100
27421,19,100
27422,24,100
27427,25,100
27432,29,100
27433,4,100
27434,6,100
27435,2,100
27436,2,100
27437,4,100
27438,2,100
27439,1,100
27441,25,100
27443,13,100
27447,25,100
27448,7,100
27449,29,100
27451,19,100
27454,19,100
27455,25,100
27456,29,100
27457,29,100
27458,19,100
27459,19,100
27461,2,100
27463,7,100
27465,5,100
27466,29,100
27469,20,100
27471,20,100
27474,14,100
27477,31,100
27479,29,100
27480,29,100
27481,29,100
27485,20,100
27486,12,100
27487,22,100
27489,18,100
27495,12,100
27496,12,100
27498,7,100
27504,29,100
27505,22,100
27507,22,100
27511,15,100
27512,18,100
27514,18,100
27517,1,100
27519,25,100
27522,29,100
27523,29,100
27527,22,100
27529,21,100
27530,28,100
27534,21,100
27536,14,100
27537,20,100
27538,2,100
27539,24,100
27540,6,100
27542,20,100
27543,13,100
27544,20,100
27545,8,100
27547,21,100
27548,6,100
27550,24,100
27555,25,100
27556,2,100
27558,6,100
27561,21,100
27562,21,100
27565,6,100
27567,26,100
27568,26,100
27570,2,100
27576,22,100
27581,28,100
27582,8,100
27583,28,100
27585,24,100
27587,20,100
27590,12,100
27592,13,100
27593,5,100
27595,26,100
27596,17,100
27599,13,100
27600,10,100
27601,25,100
27602,10,100
27604,10,100
27607,14,100
27611,19,100
27612,10,100
27613,11,100
27614,19,100
27615,4,100
27616,19,100
27622,19,100
27625,11,100
27627,18,100
27628,19,100
27630,11,100
27631,29,100
27635,19,100
27636,11,100
27637,3,100
27638,5,100
27642,6,100
27643,11,100
27644,14,100
27646,28,100
27647,19,100
27650,20,100
27651,19,100
27652,11,100
27654,19,100
27656,10,100
27658,13,100
27660,19,100
27661,1,100
27662,18,100
27665,19,100
27667,13,100
27668,4,100
27669,17,100
27670,21,100
27671,1,100
27673,4,100
27674,14,100
27680,27,100
27681,16,100
27687,8,100
27688,13,100
27693,17,100
27695,31,100
27697,25,100
27698,0,100
27699,25,100
27701,6,100
27704,25,100
27705,13,100
27708,21,100
27709,17,100
27710,22,100
27711,28,100
27714,8,100
27715,18,100
27717,18,100
27719,25,100
27720,13,100
27721,14,100
27722,26,100
27724,6,100
27726,1,100
27730,13,100
27733,18,100
27736,14,100
27741,18,100
27743,19,100
27744,4,100
27748,14,100
27749,0,100
27750,24,100
27752,17,100
27753,11,100
27754,25,100
27755,10,100
27756,17,100
27758,4,100
27760,23,100
27761,25,100
27765,14,100
27767,20,100
27768,7,100
27772,8,100
27773,14,100
27776,23,100
27779,11,100
27782,14,100
27783,25,100
27784,19,100
27789,17,100
27790,3,100
27792,25,100
27794,25,100
27795,4,100
27797,19,100
27800,25,100
27801,21,100
27803,25,100
27804,13,100
27805,29,100
27807,17,100
27812,7,100
27813,25,100
27814,14,100
27815,0,100
27816,16,100
27819,20,100
27820,17,100
27822,21,100
27824,13,100
27827,25,100
27828,11,100
27830,14,100
27831,25,100
27833,25,100
27834,23,100
27836,8,100
27837,25,100
27839,29,100
27840,22,100
27842,25,100
27845,22,100
27847,31,100
27850,0,100
27851,19,100
27852,7,100
27853,27,100
27858,5,100
27859,15,100
27860,17,100
27864,4,100
27869,7,100
27871,7,100
27872,27,100
27876,1,100
27878,25,100
27880,25,100
27886,26,100
27887,25,100
27888,14,100
27889,22,100
27890,24,100
27891,3,100
27893,3,100
27894,20,100
27896,15,100
27900,0,100
27901,3,100
27902,7,100
27903,27,100
27904,21,100
27905,19,100
27907,25,100
27908,25,100
27910,1,100
27911,11,100
27914,24,100
27918,25,100
27919,25,100
27923,18,100
27925,3,100
27927,20,100
27932,29,100
27934,13,100
27936,20,100
27942,26,100
27950,1,100
27951,13,100
27953,29,100
27954,19,100
27958,25,100
27963,22,100
27964,8,100
27965,4,100
27966,14,100
27969,14,100
27970,10,100
27972,29,100
27974,29,100
27975,1,100
27976,10,100
27977,8,100
27978,28,100
27979,1,100
27981,10,100
27982,10,100
27983,20,100
27985,29,100
27986,4,100
27989,28,100
27991,19,100
27992,11,100
27994,19,100
27995,27,100
27996,16,100
27997,19,100
27998,19,100
27999,20,100
28005,25,100
28006,6,100
28009,25,100
28010,7,100
28011,0,100
28012,1,100
28017,14,100
28019,25,100
28020,11,100
28021,21,100
28023,29,100
28027,25,100
28029,20,100
28030,14,100
28033,25,100
28034,23,100
28035,29,100
28040,29,100
28041,29,100
28042,14,100
28043,25,100
28045,25,100
28046,6,100
28047,14,100
28049,29,100
28051,22,100
28052,4,100
28053,14,100
28056,15,100
28059,14,100
28061,14,100
28065,10,100
28068,11,100
28072,19,100
28073,19,100
28075,0,100
28076,3,100
28078,3,100
28079,27,100
28081,7,100
28083,0,100
28086,20,100
28089,17,100
28092,1,100
28095,1,100
28096,14,100
28097,4,100
28098,25,100
28099,29,100
28100,31,100
28101,23,100
28102,29,100
28103,11,100
28104,14,100
28105,14,100
28107,22,100
28108,29,100
28109,12,100
28110,25,100
28112,14,100
28113,13,100
28115,25,100
28116,14,100
28117,14,100
28118,14,100
28119,10,100
28120,22,100
28121,22,100
28122,29,100
28124,20,100
28125,25,100
28126,13,100
28127,17,100
28128,6,100
28131,0,100
28136,20,100
28137,21,100
28139,25,100
28140,0,100
28144,24,100
28146,25,100
28148,0,100
28150,27,100
28153,25,100
28156,20,100
28157,26,100
28158,7,100
28159,8,100
28161,13,100
28162,8,100
28163,22,100
28165,8,100
28166,23,100
28168,4,100
28169,15,100
28171,8,100
28175,29,100
28177,22,100
28178,22,100
28186,17,100
28189,14,100
28191,20,100
28193,17,100
28196,21,100
28199,19,100
28200,0,100
28204,6,100
28206,4,100
28211,24,100
28212,22,100
28213,28,100
28218,11,100
28219,10,100
28221,14,100
28227,6,100
28236,16,100
28238,2,100
28240,24,100
28241,3,100
28243,20,100
28244,28,100
28246,29,100
28248,6,100
28249,5,100
28252,0,100
28253,25,100
28254,11,100
28256,25,100
28257,28,100
28258,8,100
28260,6,100
28262,25,100
28263,27,100
28265,11,100
28267,20,100
28271,6,100
28272,11,100
28275,0,100
28276,0,100
28282,11,100
28284,8,100
28286,29,100
28290,10,100
28291,11,100
28292,24,100
28293,25,100
28296,0,100
28297,15,100
28303,10,100
28306,13,100
28309,0,100
28310,3,100
28311,25,100
28312,3,100
28313,27,100
28315,0,100
28316,3,100
28319,12,100
28320,25,100
28322,25,100
28323,8,100
28324,25,100
28326,0,100
28331,16,100
28332,28,100
28334,15,100
28335,28,100
28338,26,100
28339,25,100
28342,14,100
28344,18,100
28346,14,100
28347,2,100
28349,20,100
28356,12,100
28358,10,100
28360,22,100
28361,14,100
28362,18,100
28366,12,100
28367,22,100
28372,22,100
28373,0,100
28374,0,100
28376,9,100
28377,3,100
28382,1,100
28383,28,100
28384,18,100
28388,8,100
28389,20,100
28392,0,100
28396,20,100
28397,1,100
28399,12,100
28402,0,100
28406,18,100
28408,25,100
28409,25,100
28411,31,100
28413,3,100
28416,12,100
28417,13,100
28420,18,100
28421,18,100
28422,0,100
28423,2,100
28425,25,100
28426,18,100
28427,18,100
28430,15,100
28431,15,100
28435,24,100
28437,31,100
28438,4,100
28440,15,100
28441,13,100
28442,5,100
28444,22,100
28445,23,100
28446,18,100
28447,18,100
28449,18,100
28455,18,100
28456,18,100
28457,15,100
28458,18,100
28461,12,100
28462,12,100
28463,12,100
28464,15,100
28465,24,100
28467,12,100
28470,12,100
28471,18,100
28472,8,100
28473,30,100
28479,22,100
28480,9,100
28486,29,100
28487,21,100
28488,2,100
28489,28,100
28494,19,100
28495,26,100
28496,25,100
28500,18,100
28501,25,100
28503,18,100
28505,18,100
28509,18,100
28510,18,100
28513,18,100
28515,1,100
28516,24,100
28518,14,100
28519,24,100
28521,14,100
28524,20,100
28526,1,100
28531,25,100
28532,18,100
28533,24,100
28542,19,100
28543,19,100
28550,24,100
28551,6,100
28553,24,100
28556,18,100
28558,19,100
28560,0,100
28563,18,100
28565,24,100
28567,8,100
28569,18,100
28574,22,100
28576,18,100
28578,1,100
28579,18,100
28580,18,100
28581,0,100
28583,12,100
28584,24,100
28585,24,100
28586,18,100
28589,18,100
28591,8,100
28592,12,100
28594,18,100
28595,18,100
28596,0,100
28597,15,100
28598,18,100
28599,18,100
28600,18,100
28601,18,100
28607,28,100
28608,3,100
28609,25,100
28611,10,100
28613,21,100
28614,21,100
28616,13,100
28617,4,100
28619,13,100
28622,13,100
28623,10,100
28624,10,100
28626,19,100
28627,1,100
28630,19,100
28632,4,100
28636,11,100
28637,13,100
28640,21,100
28641,28,100
28642,21,100
28643,8,100
28644,13,100
28649,21,100
28650,28,100
28656,29,100
28657,0,100
28658,7,100
28659,11,100
28661,10,100
28662,3,100
28663,28,100
28664,4,100
28665,2,100
28666,21,100
28667,14,100
28673,17,100
28674,8,100
28676,5,100
28678,19,100
28679,0,100
28680,22,100
28681,29,100
28683,13,100
28684,26,100
28685,22,100
28686,4,100
28689,21,100
28691,24,100
28701,1,100
28703,21,100
28705,20,100
28706,14,100
28710,14,100
28711,4,100
28713,19,100
28717,21,100
28719,14,100
28720,8,100
28723,14,100
28726,19,100
28727,6,100
28728,19,100
28729,19,100
28730,19,100
28738,29,100
28739,8,100
28740,13,100
28744,0,100
28745,19,100
28747,28,100
28748,19,100
28749,15,100
28751,18,100
28752,13,100
28758,9,100
28759,9,100
28761,8,100
28762,18,100
28763,22,100
28770,26,100
28771,3,100
28773,24,100
28775,18,100
28778,10,100
28779,8,100
28784,22,100
28785,2,100
28786,18,100
28789,18,100
28791,20,100
28792,14,100
28796,21,100
28799,18,100
28801,9,100
28806,9,100
28808,22,100
28809,23,100
28811,1,100
28813,30,100
28814,18,100
28815,30,100
28816,30,100
28817,12,100
28818,9,100
28819,18,100
28824,12,100
28825,15,100
28826,18,100
28827,18,100
28829,9,100
28832,7,100
28839,6,100
28847,1,100
28849,9,100
28851,21,100
28852,1,100
28856,5,100
28857,8,100
28858,15,100
28861,13,100
28862,29,100
28863,10,100
28864,21,100
28866,3,100
28867,19,100
28868,5,100
28872,7,100
28873,19,100
28877,8,100
28881,3,100
28882,31,100
28886,15,100
28888,15,100
28890,20,100
28891,31,100
28895,21,100
28898,23,100
28902,28,100
28903,14,100
28904,29,100
28905,29,100
28908,8,100
28909,10,100
28910,14,100
28912,14,100
28913,25,100
28918,10,100
28919,0,100
28921,3,100
28925,19,100
28928,29,100
28929,29,100
28934,29,100
28935,7,100
28937,27,100
28938,13,100
28939,25,100
28944,21,100
28945,29,100
28947,0,100
28950,16,100
28951,4,100
28953,19,100
28954,21,100
28955,7,100
28956,21,100
28958,21,100
28960,0,100
28961,19,100
28965,27,100
28966,16,100
28968,22,100
28969,29,100
28971,0,100
28974,0,100
28977,16,100
28978,8,100
28983,8,100
28984,22,100
28986,19,100
28988,0,100
28989,25,100
28991,28,100
28995,19,100
28996,0,100
28997,25,100
28998,16,100
29003,13,100
29005,21,100
29007,22,100
29008,21,100
29010,4,100
29012,0,100
29015,27,100
29016,19,100
29017,16,100
29019,17,100
29021,19,100
29023,16,100
29025,27,100
29026,16,100
29029,16,100
29031,3,100
29034,27,100
29035,16,100
29037,0,100
29038,0,100
29040,14,100
29041,8,100
29042,29,100
29043,1,100
29049,22,100
29050,0,100
29051,27,100
29053,4,100
29054,21,100
29056,9,100
29057,9,100
29058,12,100
29064,15,100
29065,9,100
29066,2,100
29068,12,100
29069,8,100
29070,15,100
29071,7,100
29074,2,100
29077,15,100
29078,18,100
29081,15,100
29082,15,100
29083,3,100
29085,15,100
29088,12,100
29089,0,100
29090,18,100
29091,22,100
29100,8,100
29102,8,100
29106,15,100
29108,0,100
29109,0,100
29110,12,100
29111,22,100
29112,12,100
29115,8,100
29117,13,100
29119,13,100
29120,18,100
29125,0,100
29127,6,100
29128,9,100
29129,9,100
29130,13,100
29131,0,100
29133,29,100
29137,27,100
29138,8,100
29141,29,100
29142,13,100
29143,19,100
29145,0,100
29147,16,100
29148,26,100
29149,26,100
29150,7,100
29153,16,100
29154,3,100
29155,29,100
29156,15,100
29159,24,100
29166,28,100
29167,15,100
29169,20,100
29170,25,100
29172,0,100
29174,1,100
29175,25,100
29176,13,100
29177,30,100
29182,1,100
29183,26,100
29186,29,100
29188,29,100
29191,29,100
29195,12,100
29198,1,100
29199,4,100
29200,24,100
29201,0,100
29206,25,100
29207,25,100
29208,29,100
29210,3,100
29211,20,100
29215,4,100
29217,29,100
29219,22,100
29221,4,100
29222,12,100
29223,7,100
29226,1,100
29228,0,100
29229,4,100
29231,4,100
29233,7,100
29238,27,100
29239,10,100
29242,14,100
29243,31,100
29244,29,100
29245,0,100
29246,27,100
29247,10,100
29248,17,100
29252,0,100
29254,27,100
29255,29,100
29256,31,100
29259,29,100
29260,22,100
29261,29,100
29262,29,100
29263,4,100
29266,12,100
29267,19,100
29268,0,100
29270,22,100
29271,19,100
29273,19,100
29274,19,100
29275,19,100
29276,0,100
29279,2,100
29282,25,100
29284,0,100
29285,19,100
29293,18,100
29294,19,100
29296,13,100
29302,17,100
29303,17,100
29305,7,100
29306,7,100
29308,24,100
29311,23,100
29313,14,100
29314,13,100
29315,17,100
29316,17,100
29319,29,100
29321,14,100
29322,7,100
29323,31,100
29325,20,100
29326,13,100
29331,13,100
29333,21,100
29334,21,100
29335,13,100
29337,21,100
29338,21,100
29341,21,100
29342,14,100
29343,4,100
29344,21,100
29348,20,100
29349,21,100
29351,21,100
29352,14,100
29353,20,100
29354,21,100
29355,28,100
29358,25,100
29359,12,100
29360,23,100
29364,14,100
29365,13,100
29366,11,100
29368,23,100
29370,22,100
29380,17,100
29382,21,100
29383,25,100
29387,19,100
29388,27,100
29389,16,100
29391,20,100
29392,14,100
29395,14,100
29396,13,100
29397,21,100
29399,21,100
29401,28,100
29406,1,100
29411,19,100
29412,3,100
29413,27,100
29414,1,100
29416,7,100
29417,25,100
29419,22,100
29422,14,100
29423,10,100
29429,25,100
29434,3,100
29435,27,100
29436,16,100
29438,17,100
29440,22,100
29441,14,100
29442,10,100
29444,29,100
29449,22,100
29450,1,100
29451,14,100
29452,0,100
29453,1,100
29454,3,100
29456,19,100
29457,1,100
29458,22,100
29459,24,100
29460,14,100
29462,19,100
29463,25,100
29464,14,100
29465,28,100
29466,22,100
29468,8,100
29474,25,100
29478,3,100
29479,3,100
29481,22,100
29484,20,100
29487,21,100
29488,14,100
29489,20,100
29490,20,100
29494,14,100
29498,17,100
29499,10,100
29503,0,100
29505,16,100
29506,25,100
29507,17,100
29508,21,100
29509,31,100
29514,21,100
29515,14,100
29517,13,100
29518,21,100
29521,21,100
29522,20,100
29524,14,100
29525,22,100
29528,26,100
29531,31,100
29532,21,100
29534,28,100
29535,20,100
29536,12,100
29537,14,100
29538,11,100
29539,11,100
29542,20,100
29544,1,100
29547,25,100
29551,20,100
29555,3,100
29556,22,100
29558,13,100
29560,4,100
29561,1,100
29562,22,100
29563,10,100
29567,3,100
29568,1,100
29569,17,100
29571,23,100
29573,20,100
29578,13,100
29582,10,100
29585,27,100
29586,16,100
29587,10,100
29588,19,100
29589,28,100
29593,11,100
29594,19,100
29595,0,100
29596,11,100
29599,11,100
29600,0,100
29601,27,100
29606,0,100
29608,24,100
29609,10,100
29610,21,100
29611,10,100
29612,0,100
29613,27,100
29614,16,100
29615,25,100
29618,25,100
29619,11,100
29620,11,100
29624,3,100
29626,0,100
29627,15,100
29628,27,100
29633,10,100
29634,18,100
29635,15,100
29636,22,100
29637,22,100
29638,14,100
29640,25,100
29641,22,100
29642,18,100
29643,31,100
29645,22,100
29646,9,100
29647,10,100
29648,25,100
29649,28,100
29650,10,100
29651,20,100
29656,16,100
29659,22,100
29660,9,100
29662,14,100
29664,18,100
29673,22,100
29674,18,100
29678,0,100
29679,27,100
29682,18,100
29683,9,100
29686,20,100
29687,18,100
29688,14,100
29690,21,100
29691,10,100
29693,22,100
29694,9,100
29699,12,100
29700,14,100
29701,9,100
29702,28,100
29704,22,100
29705,12,100
29706,9,100
29707,14,100
29708,14,100
29710,9,100
29716,14,100
29718,9,100
29719,9,100
29721,20,100
29723,0,100
29724,8,100
29726,22,100
29727,22,100
29729,18,100
29732,22,100
29735,18,100
29736,18,100
29743,22,100
29744,18,100
29747,7,100
29748,18,100
29751,22,100
29753,15,100
29758,13,100
29760,9,100
29761,18,100
29762,12,100
29769,19,100
29770,19,100
29771,9,100
29772,19,100
29773,13,100
29775,19,100
29776,19,100
29779,11,100
29780,22,100
29781,13,100
29786,9,100
29787,18,100
29788,24,100
29790,24,100
29791,31,100
29799,4,100
29800,4,100
29803,5,100
29804,21,100
29805,7,100
29807,7,100
29808,7,100
29809,4,100
29812,3,100
29816,4,100
29818,25,100
29819,24,100
29820,17,100
29821,17,100
29822,17,100
29823,17,100
29824,6,100
29826,5,100
29827,6,100
29828,6,100
29829,22,100
29832,1,100
29833,4,100
29834,21,100
29835,6,100
29837,5,100
29841,28,100
29842,21,100
29843,0,100
29845,4,100
29847,2,100
29848,7,100
29851,19,100
29853,5,100
29857,6,100
29859,6,100
29860,4,100
29861,4,100
29862,20,100
29866,17,100
29868,25,100
29869,17,100
29874,14,100
29875,6,100
29878,20,100
29879,17,100
29880,6,100
29881,17,100
29883,5,100
29885,6,100
29886,7,100
29887,25,100
29889,21,100
29890,1,100
29891,1,100
29892,11,100
29896,31,100
29900,3,100
29901,12,100
29906,19,100
29909,25,100
29914,25,100
29915,31,100
29916,13,100
29918,21,100
29919,6,100
29920,20,100
29923,6,100
29926,14,100
29927,8,100
29929,29,100
29931,28,100
29933,21,100
29934,26,100
29935,6,100
29937,11,100
29938,3,100
29939,31,100
29944,19,100
29946,27,100
29947,19,100
29950,7,100
29951,21,100
29952,6,100
29953,12,100
29957,12,100
29958,3,100
29959,26,100
29962,17,100
29964,17,100
29970,24,100
29971,6,100
29972,6,100
29973,22,100
29976,14,100
29977,25,100
29979,24,100
29981,25,100
29982,15,100
29983,0,100
29987,1,100
29988,1,100
29993,19,100
29994,3,100
29996,10,100
29997,18,100
30000,22,100
30002,10,100
30003,24,100
30004,28,100
30007,25,100
30010,31,100
30012,20,100
30014,21,100
30016,29,100
30017,26,100
30019,7,100
30021,14,100
30023,22,100
30025,14,100
30026,25,100
30031,25,100
30032,31,100
30035,1,100
30037,3,100
30039,2,100
30040,19,100
30042,26,100
30044,16,100
30045,21,100
30046,21,100
30047,1,100
30050,12,100
30051,22,100
30053,13,100
30055,4,100
30057,20,100
30059,6,100
30061,1,100
30062,22,100
30064,1,100
30065,4,100
30067,15,100
30069,6,100
30071,3,100
30073,19,100
30074,14,100
30076,3,100
30079,6,100
30081,30,100
30082,14,100
30088,1,100
30092,26,100
30094,22,100
30095,6,100
30096,5,100
30097,10,100
30098,11,100
30102,26,100
30107,19,100
30113,20,100
30114,16,100
30118,1,100
30119,20,100
30122,14,100
30123,6,100
30124,1,100
30125,10,100
30126,20,100
30127,23,100
30130,19,100
30137,3,100
30139,6,100
30141,21,100
30142,4,100
30144,14,100
30147,22,100
30149,7,100
30150,7,100
30151,12,100
30152,20,100
30153,22,100
30154,20,100
30155,20,100
30156,31,100
30157,22,100
30159,21,100
30160,25,100
30162,19,100
30165,13,100
30167,11,100
30168,25,100
30170,0,100
30174,16,100
30175,5,100
30176,6,100
30179,10,100
30180,20,100
30181,14,100
30182,20,100
30184,6,100
30186,22,100
30187,21,100
30188,7,100
30191,10,100
30195,22,100
30196,31,100
30197,6,100
30200,20,100
30201,12,100
30202,20,100
30204,5,100
30205,1,100
30207,6,100
30208,7,100
30211,1,100
30213,16,100
30216,12,100
30217,15,100
30218,22,100
30220,31,100
30223,20,100
30224,25,100
30227,3,100
30228,14,100
30229,21,100
30231,26,100
30233,0,100
30234,21,100
30236,21,100
30240,6,100
30242,21,100
30250,8,100
30253,21,100
30256,22,100
30258,25,100
30259,21,100
30260,21,100
30263,14,100
30264,24,100
30265,2,100
30272,10,100
30274,22,100
30275,21,100
30277,14,100
30282,21,100
30292,17,100
30293,1,100
30295,22,100
30299,21,100
30300,24,100
30301,17,100
30302,19,100
30303,25,100
30304,3,100
30305,20,100
30307,19,100
30308,3,100
30309,27,100
30310,16,100
30313,28,100
30315,12,100
30316,20,100
30317,25,100
30318,23,100
30319,20,100
30320,5,100
30321,22,100
30324,31,100
30327,21,100
30329,6,100
30330,31,100
30334,20,100
30336,22,100
30338,6,100
30343,31,100
30344,22,100
30345,3,100
30347,21,100
30349,10,100
30350,7,100
30351,7,100
30356,15,100
30357,7,100
30362,17,100
30363,14,100
30366,14,100
30369,14,100
30370,3,100
30371,22,100
30376,7,100
30378,15,100
30379,17,100
30380,17,100
30381,14,100
30385,29,100
30387,20,100
30388,31,100
30389,20,100
30390,7,100
30391,26,100
30393,21,100
30395,22,100
30397,6,100
30400,23,100
30402,17,100
30404,17,100
30405,2,100
30406,31,100
30407,5,100
30409,7,100
30411,28,100
30413,14,100
30414,30,100
30417,0,100
30418,7,100
30419,19,100
30420,7,100
30421,27,100
30422,16,100
30423,12,100
30424,14,100
30425,26,100
30426,26,100
30427,12,100
30428,25,100
30430,14,100
30433,21,100
30434,8,100
30437,15,100
30438,1,100
30440,14,100
30441,14,100
30445,25,100
30446,14,100
30449,15,100
30450,21,100
30452,23,100
30454,14,100
30455,20,100
30456,12,100
30457,11,100
30458,13,100
30459,24,100
30462,14,100
30463,0,100
30464,7,100
30468,26,100
30469,24,100
30470,16,100
30474,10,100
30476,31,100
30479,25,100
30483,26,100
30485,20,100
30487,6,100
30488,28,100
30491,31,100
30494,18,100
30499,6,100
30500,26,100
30502,12,100
30503,0,100
30504,31,100
30506,31,100
30510,16,100
30511,12,100
30512,6,100
30514,25,100
30515,31,100
30516,29,100
30517,26,100
30520,5,100
30522,6,100
30525,24,100
30526,15,100
30527,28,100
30528,6,100
30529,20,100
30532,14,100
30533,23,100
30536,6,100
30537,23,100
30538,23,100
30542,28,100
30546,30,100
30547,14,100
30548,30,100
30551,0,100
30553,2,100
30554,20,100
30557,31,100
30559,24,100
30560,6,100
30563,23,100
30566,26,100
30572,20,100
30574,23,100
30576,10,100
30577,30,100
30578,5,100
30582,0,100
30583,22,100
30586,24,100
30587,31,100
30588,30,100
30590,6,100
30594,31,100
30597,5,100
30598,20,100
30600,29,100
30602,5,100
30605,31,100
30606,31,100
30610,25,100
30613,25,100
30616,26,100
30618,20,100
30621,24,100
30622,2,100
30623,22,100
30625,10,100
30626,26,100
30629,24,100
30630,25,100
30631,27,100
30634,1,100
30635,31,100
30636,12,100
30637,1,100
30640,6,100
30644,24,100
30645,24,100
30648,22,100
30649,25,100
30650,4,100
30652,25,100
30656,6,100
30658,14,100
30660,4,100
30661,10,100
30662,22,100
30663,14,100
30665,12,100
30667,6,100
30669,10,100
30670,11,100
30671,10,100
30672,14,100
30673,25,100
30674,7,100
30675,6,100
30679,25,100
30680,14,100
30681,12,100
30683,25,100
30684,10,100
30686,25,100
30687,31,100
30690,28,100
30693,6,100
30696,7,100
30701,6,100
30703,25,100
30704,21,100
30705,14,100
30708,7,100
30710,0,100
30712,6,100
30713,21,100
30714,22,100
30715,22,100
30717,10,100
30718,17,100
30719,3,100
30721,31,100
30722,31,100
30724,10,100
30725,22,100
30726,10,100
30727,10,100
30728,7,100
30729,15,100
30730,7,100
30731,6,100
30732,7,100
30738,31,100
30739,31,100
30742,2,100
30745,16,100
30747,28,100
30749,3,100
30751,22,100
30754,28,100
30756,2,100
30757,20,100
30758,25,100
30764,0,100
30768,31,100
30769,3,100
30770,22,100
30774,3,100
30775,21,100
30777,21,100
30781,15,100
30784,10,100
30787,15,100
30789,21,100
30790,18,100
30797,6,100
30798,5,100
30799,31,100
30800,14,100
30801,22,100
30803,12,100
30808,25,100
30810,18,100
30811,8,100
30812,6,100
30813,26,100
30814,25,100
30817,15,100
30818,20,100
30819,15,100
30820,20,100
30821,12,100
30822,0,100
30823,15,100
30826,23,100
30827,4,100
30828,3,100
30829,1,100
30830,1,100
30831,3,100
30833,26,100
30834,12,100
30835,18,100
30839,20,100
30840,28,100
30843,22,100
30848,0,100
30849,12,100
30850,0,100
30851,3,100
30852,29,100
30853,8,100
30854,15,100
30855,20,100
30859,22,100
30861,22,100
30862,15,100
30863,22,100
30864,7,100
30867,12,100
30872,8,100
30874,26,100
30876,25,100
30877,3,100
30878,0,100
30880,15,100
30882,21,100
30883,22,100
30884,14,100
30886,0,100
30887,18,100
30890,31,100
30891,12,100
30892,19,100
30895,25,100
30896,27,100
30900,0,100
30901,25,100
30902,0,100
30903,15,100
30904,0,100
30909,22,100
30910,25,100
30912,25,100
30913,22,100
30914,25,100
30915,0,100
30918,0,100
30919,15,100
30922,9,100
30923,21,100
30925,25,100
30927,28,100
30939,1,100
30940,0,100
30942,15,100
30945,14,100
30946,0,100
30947,15,100
30948,0,100
30952,10,100
30953,3,100
30955,15,100
30957,3,100
30958,15,100
30959,20,100
30960,15,100
30962,0,100
30963,15,100
30965,0,100
30967,10,100
30969,0,100
30970,15,100
30972,10,100
30973,10,100
30983,8,100
30986,4,100
30989,25,100
30991,10,100
30994,8,100
30997,15,100
30998,7,100
31003,14,100
31005,15,100
31006,3,100
31008,18,100
31009,22,100
31011,10,100
31013,3,100
31014,15,100
31015,14,100
31018,15,100
31020,7,100
31021,3,100
31022,0,100
31025,31,100
31026,22,100
31029,20,100
31030,3,100
31032,25,100
31035,25,100
31039,5,100
31040,21,100
31042,19,100
31043,25,100
31045,16,100
31047,0,100
31049,0,100
31053,26,100
31054,20,100
31056,6,100
31057,22,100
31059,10,100
31060,10,100
31064,10,100
31067,12,100
31068,7,100
31071,24,100
31072,24,100
31078,29,100
31079,31,100
31082,5,100
31083,21,100
31089,20,100
31091,14,100
31095,31,100
31098,12,100
31106,1,100
31111,15,100
31112,12,100
31114,15,100
31118,0,100
31119,22,100
31120,0,100
31121,15,100
31123,22,100
31124,6,100
31125,31,100
31128,4,100
31129,4,100
31130,6,100
31133,29,100
31134,9,100
31136,18,100
31137,10,100
31138,25,100
31140,8,100
31141,8,100
31142,6,100
31144,10,100
31148,7,100
31151,25,100
31156,0,100
31160,12,100
31161,18,100
31162,14,100
31163,5,100
31164,10,100
31165,10,100
31166,21,100
31167,21,100
31168,18,100
31170,14,100
31173,0,100
31176,25,100
31179,15,100
31181,14,100
31183,28,100
31184,6,100
31185,25,100
31187,26,100
31189,7,100
31191,6,100
31192,7,100
31193,6,100
31194,18,100
31196,6,100
31197,31,100
31198,19,100
31199,25,100
31200,7,100
31201,25,100
31202,9,100
31203,26,100
31204,12,100
31205,1,100
31206,31,100
31208,31,100
31209,18,100
31211,28,100
31214,7,100
31215,6,100
31219,6,100
31220,25,100
31221,18,100
31223,31,100
31224,5,100
31226,18,100
31228,15,100
31229,12,100
31231,0,100
31233,31,100
31234,25,100
31235,12,100
31239,22,100
31240,22,100
31241,15,100
31243,26,100
31248,4,100
31249,18,100
31251,28,100
31252,25,100
31255,7,100
31260,19,100
31263,18,100
31264,15,100
31265,31,100
31266,9,100
31267,21,100
31268,2,100
31269,26,100
31270,30,100
31271,31,100
31273,31,100
31274,26,100
31277,20,100
31278,6,100
31281,31,100
31282,28,100
31284,25,100
31287,7,100
31290,26,100
31292,1,100
31294,26,100
31296,28,100
31299,25,100
31302,3,100
31304,24,100
31306,4,100
31307,14,100
31317,7,100
31318,26,100
31319,14,100
31320,8,100
31321,20,100
31326,26,100
31327,6,100
31328,6,100
31329,18,100
31332,28,100
31333,5,100
31338,13,100
31340,12,100
31341,18,100
31344,18,100
31345,6,100
31350,23,100
31353,28,100
31355,7,100
31360,7,100
31361,13,100
31363,13,100
31366,10,100
31370,31,100
31371,9,100
31372,19,100
31374,15,100
31375,18,100
31377,9,100
31378,9,100
31380,9,100
31381,8,100
31382,8,100
31383,8,100
31384,6,100
31388,20,100
31392,25,100
31393,12,100
31396,25,100
31397,24,100
31398,12,100
31399,31,100
31400,31,100
31402,31,100
31404,1,100
31405,31,100
31409,25,100
31410,25,100
31412,6,100
31413,6,100
31414,9,100
31418,25,100
31420,5,100
31421,19,100
31424,25,100
31425,9,100
31427,9,100
31429,30,100
31431,22,100
31434,24,100
31435,18,100
31436,13,100
31439,6,100
31441,22,100
31442,20,100
31443,22,100
31445,6,100
31446,6,100
31447,12,100
31448,1,100
31451,29,100
31452,28,100
31456,18,100
31462,20,100
31463,1,100
31464,1,100
31465,18,100
31466,13,100
31467,13,100
31470,20,100
31471,20,100
31472,17,100
31473,1,100
31474,20,100
31476,21,100
31479,18,100
31482,10,100
31483,13,100
31486,24,100
31487,20,100
31490,13,100
31491,21,100
31492,21,100
31493,22,100
31494,22,100
31495,31,100
31496,31,100
31497,7,100
31499,31,100
31502,24,100
31503,12,100
31504,18,100
31505,18,100
31507,25,100
31511,28,100
31513,12,100
31515,2,100
31517,12,100
31520,6,100
31523,6,100
31524,2,100
31525,20,100
31526,28,100
31527,0,100
31529,13,100
31531,12,100
31532,8,100
31534,13,100
31537,31,100
31538,1,100
31539,23,100
31540,18,100
31542,25,100
31544,19,100
31546,24,100
31547,1,100
31549,1,100
31550,22,100
31553,21,100
31557,25,100
31561,22,100
31563,24,100
31564,5,100
31567,20,100
31569,10,100
31570,30,100
31572,13,100
31573,13,100
31576,19,100
31577,13,100
31580,1,100
31581,15,100
31587,13,100
31588,13,100
31590,25,100
31591,22,100
31595,6,100
31596,19,100
31597,20,100
31599,25,100
31605,31,100
31606,25,100
31609,12,100
31610,14,100
31612,25,100
31614,28,100
31615,28,100
31617,13,100
31618,13,100
31621,25,100
31622,21,100
31623,25,100
31627,4,100
31628,6,100
31630,9,100
31631,1,100
31633,5,100
31634,18,100
31636,15,100
31637,24,100
31638,12,100
31639,31,100
31640,19,100
31641,22,100
31642,25,100
31646,5,100
31647,5,100
31649,15,100
31650,6,100
31659,18,100
31660,18,100
31662,24,100
31664,24,100
31665,18,100
31666,21,100
31669,18,100
31670,5,100
31671,25,100
31680,12,100
31681,14,100
31684,6,100
31685,1,100
31687,18,100
31690,6,100
31691,21,100
31692,25,100
31693,18,100
31694,25,100
31697,24,100
31698,4,100
31699,21,100
31700,28,100
31703,25,100
31713,24,100
31714,25,100
31715,21,100
31717,18,100
31718,25,100
31719,24,100
31720,1,100
31725,25,100
31726,13,100
31727,13,100
31729,19,100
31730,5,100
31731,18,100
31732,25,100
31733,25,100
31735,2,100
31737,18,100
31738,25,100
31741,30,100
31743,2,100
31744,24,100
31749,14,100
31751,6,100
31753,24,100
31754,5,100
31755,19,100
31756,26,100
31758,25,100
31759,6,100
31761,30,100
31762,26,100
31763,24,100
31765,6,100
31766,21,100
31774,14,100
31776,10,100
31777,6,100
31779,6,100
31780,21,100
31783,21,100
31784,19,100
31787,12,100
31788,6,100
31789,1,100
31791,30,100
31792,13,100
31794,13,100
31796,21,100
31797,6,100
31798,10,100
31799,10,100
31800,6,100
31801,6,100
31804,6,100
31806,25,100
31807,21,100
31808,12,100
31809,25,100
31810,5,100
31813,1,100
31816,7,100
31820,11,100
31825,0,100
31827,25,100
31830,0,100
31835,0,100
31836,19,100
31837,28,100
31838,29,100
31839,22,100
31840,28,100
31841,18,100
31842,0,100
31844,18,100
31846,18,100
31847,10,100
31850,17,100
31851,12,100
31855,17,100
31857,17,100
31859,17,100
31861,17,100
31862,17,100
31865,3,100
31866,0,100
31867,24,100
31868,29,100
31870,28,100
31871,25,100
31878,29,100
31880,23,100
31882,23,100
31883,17,100
31884,1,100
31885,20,100
31887,28,100
31888,17,100
31889,25,100
31891,24,100
31892,28,100
31893,12,100
31894,13,100
31895,13,100
31902,10,100
31904,17,100
31906,1,100
31907,25,100
31908,0,100
31909,19,100
31913,16,100
31916,21,100
31918,17,100
31919,4,100
31920,25,100
31922,8,100
31925,23,100
31927,14,100
31928,4,100
31929,19,100
31930,23,100
31931,13,100
31933,21,100
31934,21,100
31936,28,100
31938,23,100
31939,23,100
31944,7,100
31945,17,100
31946,17,100
31947,17,100
31948,29,100
31951,24,100
31955,4,100
31956,13,100
31959,5,100
31960,8,100
31961,17,100
31962,8,100
31963,14,100
31964,17,100
31965,19,100
31967,1,100
31968,14,100
31970,19,100
31972,17,100
31974,14,100
31975,14,100
31978,1,100
31981,7,100
31982,4,100
31983,4,100
31984,22,100
31986,10,100
31992,26,100
31993,19,100
31994,1,100
31997,25,100
31998,25,100
32000,17,100
32002,4,100
32004,25,100
32005,0,100
32011,17,100
32012,25,100
32013,17,100
32015,1,100
32017,17,100
32018,11,100
32019,14,100
32020,25,100
32025,25,100
32027,26,100
32028,14,100
32030,14,100
32032,25,100
32033,28,100
32034,14,100
32038,21,100
32040,14,100
32041,7,100
32042,24,100
32043,20,100
32044,14,100
32045,14,100
32047,25,100
32048,6,100
32051,6,100
32053,25,100
32054,24,100
32055,14,100
32056,8,100
32057,11,100
32058,6,100
32060,21,100
32062,14,100
32063,22,100
32064,25,100
32067,17,100
32068,14,100
32071,29,100
32072,14,100
32073,5,100
32074,25,100
32075,25,100
32077,22,100
32079,25,100
32080,14,100
32082,14,100
32086,0,100
32087,7,100
32090,3,100
32091,27,100
32092,17,100
32094,1,100
32095,25,100
32096,1,100
32098,25,100
32102,4,100
32105,14,100
32106,29,100
32107,14,100
32108,28,100
32109,25,100
32110,25,100
32111,24,100
32112,21,100
32114,8,100
32118,10,100
32120,14,100
32123,14,100
32124,31,100
32126,12,100
32127,14,100
32128,13,100
32129,21,100
32131,21,100
32133,28,100
32134,21,100
32138,10,100
32139,10,100
32140,14,100
32141,2,100
32142,20,100
32144,25,100
32147,7,100
32148,0,100
32149,27,100
32153,17,100
32156,4,100
32157,25,100
32159,29,100
32163,22,100
32166,25,100
32169,1,100
32170,31,100
32176,8,100
32178,14,100
32180,25,100
32181,17,100
32182,2,100
32183,29,100
32184,24,100
32186,14,100
32188,0,100
32189,0,100
32190,0,100
32193,16,100
32197,5,100
32200,4,100
32204,2,100
32211,22,100
32213,14,100
32216,0,100
32218,27,100
32220,19,100
32221,16,100
32226,28,100
32231,31,100
32233,10,100
32236,29,100
32237,29,100
32239,6,100
32240,8,100
32242,1,100
32243,6,100
32246,24,100
32247,29,100
32248,25,100
32249,4,100
32253,3,100
32255,3,100
32257,3,100
32258,3,100
32260,16,100
32263,0,100
32266,20,100
32268,14,100
32269,11,100
32271,19,100
32273,8,100
32276,13,100
32277,29,100
32278,29,100
32279,25,100
32280,10,100
32283,0,100
32284,7,100
32288,25,100
32289,25,100
32290,20,100
32292,6,100
32295,25,100
32296,14,100
32300,30,100
32301,31,100
32303,29,100
32304,29,100
32306,22,100
32310,1,100
32311,25,100
32313,19,100
32318,27,100
32319,16,100
32320,1,100
32321,20,100
32325,11,100
32329,17,100
32336,12,100
32339,25,100
32340,14,100
32342,7,100
32344,14,100
32345,10,100
32346,29,100
32347,31,100
32348,19,100
32349,10,100
32354,0,100
32358,14,100
32360,17,100
32362,24,100
32364,18,100
32365,24,100
32366,31,100
32367,11,100
32370,29,100
32372,2,100
32373,17,100
32375,4,100
32377,14,100
32378,1,100
32379,10,100
32382,13,100
32384,8,100
32385,11,100
32386,8,100
32387,12,100
32388,1,100
32392,7,100
32393,21,100
32394,17,100
32395,19,100
32396,3,100
32397,19,100
32404,4,100
32405,12,100
32409,25,100
32410,11,100
32411,20,100
32412,4,100
32416,25,100
32417,4,100
32418,25,100
32420,17,100
32422,31,100
32423,31,100
32424,25,100
32426,12,100
32428,5,100
32429,22,100
32431,10,100
32432,1,100
32433,23,100
32434,30,100
32435,25,100
32436,0,100
32438,0,100
32439,15,100
32440,15,100
32444,17,100
32445,17,100
32446,17,100
32447,15,100
32452,29,100
32455,6,100
32457,29,100
32458,0,100
32459,0,100
32460,19,100
32461,27,100
32462,16,100
32464,12,100
32465,25,100
32466,31,100
32468,6,100
32469,4,100
32475,4,100
32478,27,100
32480,24,100
32484,25,100
32485,19,100
32487,12,100
32488,13,100
32489,6,100
32490,4,100
32491,25,100
32493,27,100
32494,16,100
32495,31,100
32496,25,100
32497,11,100
32498,10,100
32501,14,100
32504,25,100
32506,0,100
32507,27,100
32508,16,100
32509,22,100
32510,12,100
32511,1,100
32512,10,100
32513,8,100
32516,31,100
32517,25,100
32520,14,100
32522,21,100
32526,1,100
32528,13,100
32529,13,100
32531,30,100
32533,22,100
32534,29,100
32536,21,100
32537,7,100
32538,2,100
32539,0,100
32540,15,100
32541,15,100
32542,27,100
32546,25,100
32547,26,100
32549,14,100
32550,20,100
32553,29,100
32555,14,100
32557,14,100
32560,1,100
32561,2,100
32562,20,100
32564,0,100
32565,0,100
32566,15,100
32569,0,100
32571,11,100
32572,5,100
32575,8,100
32576,12,100
32578,25,100
32579,25,100
32581,25,100
32584,4,100
32585,25,100
32587,0,100
32589,27,100
32590,7,100
32592,14,100
32594,1,100
32595,28,100
32603,10,100
32604,9,100
32607,0,100
32608,1,100
32610,25,100
32612,25,100
32613,25,100
32617,25,100
32618,10,100
32619,13,100
32620,13,100
32621,25,100
32622,8,100
32623,25,100
32625,6,100
32626,0,100
32630,15,100
32631,30,100
32633,15,100
32638,12,100
32644,8,100
32645,18,100
32647,25,100
32648,12,100
32649,14,100
32650,18,100
32652,18,100
32653,18,100
32659,18,100
32660,18,100
32661,18,100
32662,31,100
32663,18,100
32665,22,100
32667,24,100
32670,1,100
32672,1,100
32673,6,100
32674,14,100
32677,4,100
32678,1,100
32679,1,100
32680,24,100
32681,24,100
32684,0,100
32685,20,100
32686,14,100
32688,15,100
32689,24,100
32690,15,100
32695,24,100
32697,6,100
32698,6,100
32700,14,100
32702,6,100
32703,18,100
32704,15,100
32706,8,100
32707,20,100
32708,18,100
32709,18,100
32710,6,100
32713,18,100
32715,12,100
32718,18,100
32720,10,100
32721,10,100
32722,15,100
32724,19,100
32725,25,100
32727,24,100
32728,22,100
32729,23,100
32730,18,100
32731,18,100
32732,10,100
32736,25,100
32738,24,100
32741,10,100
32742,18,100
32744,12,100
32751,6,100
32753,14,100
32754,24,100
32755,6,100
32756,18,100
32757,6,100
32758,10,100
32760,27,100
32761,1,100
32763,24,100
32764,6,100
32765,6,100
32767,29,100
32770,27,100
32772,24,100
32773,6,100
32774,12,100
32775,28,100
32776,18,100
32777,12,100
32781,24,100
32782,12,100
32783,7,100
32786,19,100
32787,4,100
32794,20,100
32796,6,100
32798,18,100
32802,18,100
32805,10,100
32807,24,100
32808,24,100
32809,6,100
32814,29,100
32816,6,100
32819,24,100
32820,25,100
32824,7,100
32825,19,100
32829,28,100
32830,12,100
32832,1,100
32834,24,100
32838,18,100
32841,24,100
32842,21,100
32845,6,100
32846,1,100
32847,18,100
32848,29,100
32852,24,100
32856,6,100
32858,6,100
32861,24,100
32865,6,100
32866,18,100
32867,24,100
32870,19,100
32871,14,100
32874,22,100
32877,10,100
32878,12,100
32880,7,100
32883,18,100
32884,27,100
32885,6,100
32889,24,100
32890,6,100
32892,20,100
32896,4,100
32898,24,100
32900,12,100
32901,25,100
32902,18,100
32904,19,100
32906,25,100
32909,1,100
32911,20,100
32912,20,100
32915,2,100
32927,25,100
32929,18,100
32931,18,100
32932,21,100
32935,18,100
32936,15,100
32937,15,100
32939,5,100
32941,12,100
32942,25,100
32943,18,100
32944,24,100
32946,18,100
32949,1,100
32950,18,100
32951,12,100
32957,18,100
32960,18,100
32962,12,100
32965,12,100
32967,18,100
32968,21,100
32971,13,100
32974,29,100
32978,18,100
32982,18,100
32984,0,100
32985,12,100
32988,6,100
32989,12,100
32990,11,100
32993,5,100
32998,29,100
32999,24,100
33003,13,100
33004,13,100
33008,1,100
33009,31,100
33010,21,100
33011,8,100
33015,29,100
33016,18,100
33017,25,100
33018,24,100
33019,10,100
33020,1,100
33021,24,100
33023,31,100
33024,17,100
33026,4,100
33028,13,100
33029,1,100
33030,1,100
33032,13,100
33035,28,100
33036,13,100
33041,13,100
33042,8,100
33044,25,100
33045,10,100
33047,19,100
33048,13,100
33054,19,100
33056,21,100
33060,27,100
33066,17,100
33068,5,100
33070,8,100
33072,24,100
33075,31,100
33076,1,100
33078,20,100
33079,1,100
33080,8,100
33081,14,100
33082,8,100
33084,8,100
33086,10,100
33088,1,100
33090,31,100
33091,1,100
33096,8,100
33097,17,100
33100,17,100
33101,25,100
33104,25,100
33106,20,100
33109,19,100
33110,6,100
33111,10,100
33112,5,100
33113,22,100
33114,6,100
33115,6,100
33116,8,100
33118,17,100
33120,25,100
33121,17,100
33127,7,100
33129,22,100
33131,15,100
33134,27,100
33136,20,100
33137,3,100
33140,13,100
33141,24,100
33143,13,100
33144,17,100
33148,24,100
33150,22,100
33151,10,100
33153,25,100
33155,12,100
33156,5,100
33157,5,100
33162,14,100
33163,29,100
33164,17,100
33165,19,100
33167,10,100
33168,14,100
33169,17,100
33170,28,100
33171,25,100
33173,25,100
33175,18,100
33176,24,100
33177,19,100
33184,21,100
33185,10,100
33188,20,100
33189,24,100
33190,25,100
33192,29,100
33194,11,100
33195,19,100
33196,25,100
33197,19,100
33198,17,100
33199,13,100
33200,29,100
33201,12,100
33203,17,100
33206,31,100
33207,17,100
33209,14,100
33210,25,100
33211,3,100
33212,7,100
33213,15,100
33214,3,100
33215,27,100
33219,10,100
33220,12,100
33221,3,100
33222,10,100
33223,4,100
33225,21,100
33229,8,100
33230,14,100
33232,3,100
33233,14,100
33234,14,100
33237,10,100
33239,29,100
33240,21,100
33242,21,100
33244,17,100
33245,24,100
33247,6,100
33248,19,100
33249,14,100
33250,19,100
33251,7,100
33252,29,100
33253,17,100
33254,8,100
33255,13,100
33261,8,100
33263,17,100
33265,3,100
33269,24,100
33271,11,100
33273,14,100
33274,25,100
33277,29,100
33279,25,100
33280,20,100
33281,17,100
33283,6,100
33285,15,100
33286,17,100
33287,14,100
33288,19,100
33291,10,100
33294,17,100
33295,6,100
33296,10,100
33297,4,100
33300,3,100
33305,31,100
33308,4,100
33309,27,100
33311,16,100
33315,3,100
33316,5,100
33317,5,100
33319,28,100
33322,19,100
33323,25,100
33327,14,100
33331,25,100
33333,6,100
33334,6,100
33342,4,100
33346,24,100
33347,10,100
33348,26,100
33350,1,100
33352,6,100
33353,5,100
33354,5,100
33356,25,100
33358,1,100
33360,13,100
33364,29,100
33369,13,100
33372,4,100
33373,25,100
33374,4,100
33376,21,100
33378,8,100
33382,13,100
33383,13,100
33389,11,100
33391,31,100
33392,10,100
33393,13,100
33394,4,100
33395,8,100
33396,8,100
33398,17,100
33401,25,100
33403,31,100
33404,7,100
33406,7,100
33407,10,100
33408,25,100
33409,25,100
33412,31,100
33413,8,100
33415,5,100
33417,25,100
33419,28,100
33421,4,100
33422,22,100
33423,10,100
33424,25,100
33425,28,100
33426,31,100
33429,20,100
33432,14,100
33433,17,100
33437,25,100
33438,3,100
33441,23,100
33442,22,100
33446,24,100
33448,14,100
33449,31,100
33450,4,100
33451,7,100
33454,10,100
33456,14,100
33459,1,100
33465,24,100
33466,17,100
33467,10,100
33468,22,100
33471,1,100
33472,14,100
33473,22,100
33474,8,100
33475,23,100
33476,4,100
33478,31,100
33480,29,100
33483,3,100
33489,22,100
33491,5,100
33493,23,100
33494,22,100
33495,15,100
33497,3,100
33498,25,100
33499,1,100
33502,17,100
33504,25,100
33505,24,100
33506,30,100
33507,22,100
33508,24,100
33509,17,100
33510,6,100
33511,4,100
33515,14,100
33516,25,100
33517,6,100
33522,30,100
33523,23,100
33524,5,100
33526,5,100
33528,21,100
33531,17,100
33533,17,100
33534,17,100
33535,30,100
33537,17,100
33538,17,100
33543,6,100
33544,5,100
33547,14,100
33548,10,100
33549,5,100
33551,24,100
33552,17,100
33554,6,100
33555,20,100
33558,8,100
33559,21,100
33560,31,100
33561,15,100
33562,19,100
33563,21,100
33564,8,100
33567,4,100
33568,8,100
33569,6,100
33570,25,100
33571,6,100
33574,23,100
33579,17,100
33582,1,100
33584,4,100
33587,5,100
33589,31,100
33590,29,100
33592,17,100
33594,18,100
33596,5,100
33597,14,100
33598,17,100
33599,5,100
33600,0,100
33603,29,100
33604,20,100
33605,21,100
33607,10,100
33608,31,100
33610,19,100
33612,27,100
33614,25,100
33616,22,100
33619,6,100
33620,30,100
33621,5,100
33624,5,100
33625,19,100
33626,29,100
33627,5,100
33628,17,100
33631,29,100
33634,20,100
33636,2,100
33638,26,100
33640,4,100
33641,5,100
33643,23,100
33644,12,100
33647,6,100
33648,1,100
33650,12,100
33651,7,100
33652,30,100
33656,6,100
33657,25,100
33658,8,100
33659,1,100
33661,29,100
33663,14,100
33664,14,100
33666,31,100
33669,1,100
33670,25,100
33671,13,100
33673,28,100
33674,8,100
33675,25,100
33676,8,100
33680,23,100
33681,6,100
33684,6,100
33685,25,100
33689,7,100
33692,22,100
33693,6,100
33694,3,100
33695,27,100
33698,16,100
33702,21,100
33703,6,100
33704,31,100
33707,20,100
33710,11,100
33711,11,100
33714,30,100
33715,29,100
33716,6,100
33718,8,100
33720,10,100
33721,26,100
33723,5,100
33729,26,100
33730,25,100
33731,25,100
33732,29,100
33735,6,100
33736,6,100
33737,6,100
33739,21,100
33740,8,100
33751,29,100
33753,25,100
33754,3,100
33765,4,100
33767,29,100
33768,5,100
33771,25,100
33772,24,100
33773,26,100
33774,6,100
33775,22,100
33778,21,100
33781,11,100
33786,13,100
33788,14,100
33789,5,100
33793,24,100
33794,4,100
33795,12,100
33796,10,100
33801,20,100
33802,12,100
33803,20,100
33804,25,100
33805,25,100
33806,11,100
33807,24,100
33809,14,100
33810,1,100
33811,25,100
33812,7,100
33813,6,100
33814,13,100
33815,8,100
33816,26,100
33817,29,100
33819,0,100
33821,25,100
33824,5,100
33825,28,100
33829,12,100
33830,1,100
33833,14,100
33834,25,100
33836,1,100
33838,14,100
33839,6,100
33841,25,100
33842,11,100
33847,6,100
33850,8,100
33851,14,100
33852,10,100
33854,21,100
33858,20,100
33859,20,100
33860,0,100
33861,1,100
33862,8,100
33863,5,100
33865,3,100
33867,16,100
33868,25,100
33869,12,100
33873,19,100
33877,21,100
33878,12,100
33879,26,100
33880,28,100
33881,29,100
33882,28,100
33883,24,100
33886,8,100
33887,8,100
33888,6,100
33889,5,100
33894,6,100
33898,5,100
33899,12,100
33901,7,100
33903,26,100
33904,28,100
33906,28,100
33908,28,100
33909,26,100
33911,26,100
33912,28,100
33913,26,100
33915,26,100
33916,29,100
33917,28,100
33918,21,100
33925,19,100
33928,21,100
33929,14,100
33930,31,100
33931,22,100
33932,3,100
33934,0,100
33935,31,100
33936,19,100
33938,8,100
33940,4,100
33942,29,100
33943,4,100
33944,1,100
33946,21,100
33947,20,100
33949,11,100
33950,6,100
33951,5,100
33954,6,100
33955,6,100
33956,6,100
33961,13,100
33962,10,100
33963,20,100
33964,13,100
33965,10,100
33966,10,100
33967,10,100
33968,24,100
33969,31,100
33970,29,100
33972,25,100
33974,10,100
33976,6,100
33977,6,100
33981,6,100
33982,10,100
33985,25,100
33986,6,100
33987,0,100
33988,6,100
33989,0,100
33990,3,100
33994,31,100
33995,31,100
33996,25,100
33999,16,100
34002,14,100
34003,7,100
34004,15,100
34007,6,100
34009,13,100
34011,14,100
34013,8,100
34014,13,100
34015,6,100
34021,6,100
34023,28,100
34025,12,100
34034,22,100
34035,31,100
34038,18,100
34039,18,100
34040,25,100
34041,21,100
34043,10,100
34044,6,100
34046,5,100
34049,30,100
34050,25,100
34053,6,100
34054,25,100
34056,19,100
34059,26,100
34060,15,100
34061,31,100
34063,20,100
34065,1,100
34066,31,100
34071,2,100
34076,13,100
34080,26,100
34081,6,100
34083,1,100
34085,25,100
34086,22,100
34088,25,100
34089,25,100
34090,19,100
34093,29,100
34095,20,100
34097,25,100
34098,20,100
34099,21,100
34101,6,100
34102,8,100
34104,6,100
34107,6,100
34108,14,100
34109,12,100
34113,8,100
34115,25,100
34116,21,100
34119,31,100
34122,8,100
34123,20,100
34124,4,100
34127,31,100
34128,5,100
34131,21,100
34132,22,100
34135,29,100
34137,1,100
34138,20,100
34140,31,100
34141,4,100
34144,5,100
34145,31,100
34147,29,100
34149,18,100
34150,8,100
34153,14,100
34154,20,100
34156,22,100
34158,19,100
34163,22,100
34164,1,100
34165,22,100
34166,31,100
34167,22,100
34168,22,100
34170,8,100
34174,22,100
34176,25,100
34177,29,100
34179,14,100
34180,28,100
34181,22,100
34182,5,100
34183,22,100
34185,8,100
34186,31,100
34188,19,100
34190,10,100
34191,5,100
34192,22,100
34193,0,100
34194,0,100
34197,26,100
34199,25,100
34200,29,100
34201,31,100
34203,0,100
34205,25,100
34211,20,100
34213,10,100
34214,25,100
34215,25,100
34220,22,100
34222,28,100
34223,25,100
34230,14,100
34231,10,100
34233,8,100
34236,26,100
34238,25,100
34240,28,100
34241,18,100
34242,22,100
34243,22,100
34244,29,100
34249,10,100
34250,10,100
34251,25,100
34252,1,100
34254,31,100
34255,18,100
34257,21,100
34258,18,100
34259,10,100
34260,21,100
34264,20,100
34265,11,100
34266,26,100
34267,22,100
34270,31,100
34271,28,100
34272,18,100
34273,25,100
34274,21,100
34275,0,100
34276,18,100
34277,14,100
34279,31,100
34280,25,100
34284,3,100
34285,29,100
34286,10,100
34287,3,100
34290,15,100
34291,8,100
34292,0,100
34294,22,100
34298,25,100
34300,16,100
34301,31,100
34302,10,100
34304,22,100
34305,23,100
34306,24,100
34309,1,100
34310,20,100
34316,25,100
34317,24,100
34322,29,100
34323,1,100
34325,10,100
34326,25,100
34327,10,100
34329,29,100
34330,12,100
34331,22,100
34333,1,100
34334,8,100
34335,25,100
34338,22,100
34339,28,100
34340,5,100
34342,25,100
34344,15,100
34345,3,100
34348,15,100
34350,25,100
34351,4,100
34352,2,100
34355,22,100
34357,25,100
34358,12,100
34362,4,100
34363,4,100
34365,10,100
34367,29,100
34368,8,100
34369,29,100
34371,29,100
34372,10,100
34373,18,100
34375,13,100
34376,29,100
34380,1,100
34382,29,100
34383,0,100
34384,0,100
34385,3,100
34389,7,100
34390,3,100
34391,3,100
34394,9,100
34399,9,100
34400,22,100
34401,21,100
34402,21,100
34403,0,100
34406,20,100
34408,31,100
34410,26,100
34412,18,100
34417,22,100
34419,18,100
34420,21,100
34423,31,100
34424,18,100
34425,22,100
34427,22,100
34428,22,100
34429,12,100
34430,31,100
34431,15,100
34434,12,100
34437,1,100
34438,7,100
34439,12,100
34440,29,100
34442,12,100
34443,22,100
34444,24,100
34445,4,100
34447,10,100
34448,25,100
34451,19,100
34452,29,100
34453,17,100
34455,19,100
34456,29,100
34458,0,100
34460,10,100
34461,2,100
34463,0,100
34464,25,100
34466,10,100
34467,0,100
34468,13,100
34471,19,100
34472,6,100
34473,0,100
34476,0,100
34478,0,100
34479,25,100
34480,10,100
34481,19,100
34483,0,100
34489,7,100
34490,19,100
34491,13,100
34492,14,100
34496,19,100
34498,0,100
34499,19,100
34502,19,100
34504,0,100
34506,0,100
34507,19,100
34508,24,100
34509,14,100
34513,1,100
34514,6,100
34516,6,100
34517,6,100
34522,6,100
34525,21,100
34530,6,100
34532,24,100
34534,4,100
34538,13,100
34543,14,100
34544,13,100
34545,13,100
34548,13,100
34549,3,100
34552,2,100
34554,29,100
34559,15,100
34561,14,100
34564,2,100
34566,20,100
34567,2,100
34570,1,100
34573,25,100
34576,28,100
34577,10,100
34580,28,100
34582,1,100
34586,20,100
34587,31,100
34588,1,100
34590,22,100
34595,15,100
34596,2,100
34598,12,100
34601,27,100
34602,1,100
34605,2,100
34606,19,100
34613,0,100
34614,19,100
34616,0,100
34617,27,100
34619,18,100
34625,20,100
34627,2,100
34628,19,100
34631,5,100
34632,29,100
34634,12,100
34637,24,100
34639,24,100
34641,5,100
34643,1,100
34645,1,100
34646,31,100
34652,27,100
34653,13,100
34655,14,100
34656,4,100
34659,1,100
34661,5,100
34662,29,100
34663,0,100
34664,27,100
34665,29,100
34666,11,100
34667,5,100
34668,29,100
34669,2,100
34670,29,100
34671,5,100
34672,0,100
34673,27,100
34676,10,100
34677,28,100
34680,24,100
34683,19,100
34685,14,100
34686,22,100
34687,10,100
34688,18,100
34689,19,100
34690,19,100
34694,1,100
34696,7,100
34697,13,100
34702,1,100
34704,23,100
34705,29,100
34706,29,100
34709,4,100
34714,29,100
34715,1,100
34716,6,100
34717,0,100
34718,19,100
34719,1,100
34721,29,100
34724,25,100
34727,5,100
34732,19,100
34733,13,100
34735,17,100
34737,17,100
34738,25,100
34739,13,100
34744,10,100
34745,6,100
34746,13,100
34748,5,100
34751,5,100
34752,6,100
34756,24,100
34767,27,100
34768,8,100
34769,31,100
34770,11,100
34771,5,100
34774,26,100
34776,27,100
34777,5,100
34779,14,100
34780,17,100
34781,5,100
34784,8,100
34786,4,100
34788,12,100
34789,29,100
34790,29,100
34791,25,100
34792,20,100
34793,31,100
34794,10,100
34795,25,100
34796,0,100
34800,24,100
34802,6,100
34803,25,100
34805,27,100
34807,26,100
34809,0,100
34813,1,100
34817,14,100
34818,22,100
34823,9,100
34824,22,100
34827,2,100
34829,24,100
34834,18,100
34835,5,100
34839,21,100
34845,13,100
34847,25,100
34848,1,100
34849,1,100
34852,12,100
34853,18,100
34855,19,100
34857,4,100
34858,18,100
34859,18,100
34860,18,100
34861,18,100
34862,18,100
34863,6,100
34868,14,100
34869,24,100
34870,14,100
34871,17,100
34874,17,100
34876,17,100
34877,21,100
34878,21,100
34881,14,100
34882,21,100
34886,21,100
34891,4,100
34892,29,100
34893,25,100
34895,17,100
34896,17,100
34898,0,100
34899,4,100
34900,0,100
34903,19,100
34906,4,100
34909,4,100
34910,30,100
34912,12,100
34913,13,100
34914,20,100
34915,21,100
34916,27,100
34917,16,100
34918,25,100
34919,25,100
34921,25,100
34922,29,100
34923,19,100
34927,6,100
34931,27,100
34932,6,100
34933,24,100
34937,10,100
34938,27,100
34941,12,100
34942,22,100
34943,1,100
34944,0,100
34947,0,100
34949,29,100
34950,22,100
34952,1,100
34953,21,100
34957,22,100
34960,29,100
34962,20,100
34963,31,100
34965,22,100
34966,18,100
34967,22,100
34970,18,100
34972,15,100
34975,22,100
34976,31,100
34977,20,100
34978,9,100
34981,8,100
34982,25,100
34983,25,100
34987,22,100
34988,20,100
34989,18,100
34990,22,100
34991,20,100
34992,29,100
34993,29,100
34994,10,100
34995,28,100
34997,15,100
35000,9,100
35001,8,100
35002,22,100
35003,20,100
35004,4,100
35007,10,100
35009,1,100
35012,18,100
35014,15,100
35015,20,100
35019,22,100
35020,9,100
35023,14,100
35024,18,100
35025,10,100
35026,22,100
35028,22,100
35029,24,100
35033,22,100
35034,22,100
35038,12,100
35039,18,100
35041,9,100
35042,1,100
35043,9,100
35045,26,100
35047,18,100
35051,2,100
35052,18,100
35054,20,100
35056,31,100
35058,12,100
35062,7,100
35064,12,100
35066,25,100
35067,19,100
35073,22,100
35076,9,100
35077,19,100
35078,24,100
35082,9,100
35083,9,100
35087,3,100
35089,9,100
35090,9,100
35091,9,100
35092,9,100
35093,29,100
35095,4,100
35096,14,100
35099,9,100
35100,9,100
35102,21,100
35103,5,100
35104,9,100
35106,9,100
35112,9,100
35113,9,100
35114,9,100
35115,9,100
35117,9,100
35119,9,100
35121,9,100
35122,9,100
35123,9,100
35124,6,100
35125,24,100
35127,24,100
35128,24,100
35130,19,100
35131,24,100
35134,24,100
35136,24,100
35137,24,100
35138,24,100
35140,24,100
35147,19,100
35148,24,100
35149,24,100
35150,20,100
35152,22,100
35154,19,100
35155,24,100
35161,24,100
35164,24,100
35168,6,100
35170,11,100
35173,24,100
35174,1,100
35176,19,100
35177,19,100
35180,14,100
35181,24,100
35184,24,100
35185,24,100
35188,24,100
35189,14,100
35190,5,100
35192,20,100
35197,24,100
35199,10,100
35202,19,100
35203,19,100
35204,6,100
35206,24,100
35209,24,100
35211,24,100
35213,24,100
35216,24,100
35217,25,100
35218,6,100
35220,22,100
35221,24,100
35223,24,100
35226,14,100
35227,24,100
35231,24,100
35232,14,100
35234,24,100
35235,24,100
35237,6,100
35238,28,100
35240,24,100
35244,28,100
35245,24,100
35246,24,100
35248,24,100
35250,19,100
35251,24,100
35254,19,100
35257,24,100
35258,24,100
35259,10,100
35261,7,100
35266,24,100
35267,24,100
35269,28,100
35272,11,100
35273,24,100
35274,24,100
35275,6,100
35277,5,100
35279,24,100
35283,24,100
35286,14,100
35288,19,100
35289,24,100
35290,28,100
35291,19,100
35293,24,100
35295,6,100
35296,25,100
35300,28,100
35302,26,100
35307,31,100
35309,26,100
35317,24,100
35320,8,100
35323,19,100
35325,24,100
35327,24,100
35328,6,100
35329,2,100
35332,26,100
35335,14,100
35336,26,100
35337,28,100
35338,6,100
35345,6,100
35346,14,100
35347,1,100
35348,14,100
35350,6,100
35351,14,100
35352,11,100
35355,5,100
35358,6,100
35360,24,100
35363,19,100
35366,6,100
35368,6,100
35369,14,100
35370,6,100
35372,14,100
35373,14,100
35376,14,100
35378,11,100
35379,29,100
35384,28,100
35387,10,100
35390,11,100
35392,24,100
35395,11,100
35396,24,100
35403,26,100
35404,26,100
35405,22,100
35406,26,100
35407,6,100
35408,21,100
35410,26,100
35412,20,100
35414,6,100
35417,14,100
35419,23,100
35420,26,100
35424,6,100
35425,24,100
35426,6,100
35427,6,100
35429,6,100
35430,14,100
35431,6,100
35433,24,100
35434,14,100
35437,5,100
35438,19,100
35439,14,100
35441,26,100
35442,20,100
35445,12,100
35448,26,100
35452,24,100
35456,10,100
35457,3,100
35458,4,100
35459,14,100
35460,10,100
35461,29,100
35462,1,100
35463,6,100
35466,19,100
35468,4,100
35471,11,100
35473,11,100
35474,19,100
35475,11,100
35476,25,100
35478,24,100
35479,25,100
35480,11,100
35484,22,100
35485,31,100
35487,8,100
35491,7,100
35492,10,100
35494,29,100
35496,4,100
35498,25,100
35499,27,100
35505,2,100
35506,31,100
35509,8,100
35510,29,100
35514,21,100
35520,22,100
35526,29,100
35527,29,100
35528,29,100
35530,25,100
35532,29,100
35533,22,100
35534,21,100
35535,22,100
35538,22,100
35541,0,100
35542,0,100
35543,25,100
35544,27,100
35549,1,100
35550,22,100
35555,25,100
35556,29,100
35558,10,100
35559,29,100
35562,12,100
35563,18,100
35565,22,100
35566,7,100
35567,5,100
35570,22,100
35573,10,100
35574,29,100
35576,22,100
35578,22,100
35581,21,100
35582,5,100
35586,22,100
35589,10,100
35590,22,100
35591,15,100
35593,12,100
35594,29,100
35599,21,100
35601,22,100
35602,14,100
35603,22,100
35604,15,100
35605,29,100
35606,18,100
35611,22,100
35612,8,100
35614,22,100
35615,8,100
35616,18,100
35619,7,100
35620,7,100
35621,7,100
35622,18,100
35626,22,100
35627,14,100
35630,31,100
35633,8,100
35635,22,100
35636,22,100
35637,22,100
35639,29,100
35640,14,100
35641,4,100
35642,3,100
35647,0,100
35648,6,100
35651,3,100
35652,22,100
35653,3,100
35657,22,100
35659,3,100
35660,0,100
35661,22,100
35663,7,100
35664,29,100
35665,22,100
35666,22,100
35667,22,100
35668,21,100
35672,15,100
35675,22,100
35676,5,100
35678,22,100
35679,22,100
35680,22,100
35681,6,100
35683,20,100
35684,12,100
35685,7,100
35686,22,100
35695,25,100
35696,27,100
35698,15,100
35700,22,100
35703,0,100
35704,20,100
35705,12,100
35707,3,100
35708,18,100
35711,1,100
35714,18,100
35715,3,100
35716,1,100
35717,22,100
35718,22,100
35721,18,100
35722,18,100
35724,20,100
35727,22,100
35728,15,100
35729,10,100
35730,29,100
35731,29,100
35734,29,100
35736,22,100
35741,12,100
35743,22,100
35745,29,100
35746,29,100
35748,22,100
35750,18,100
35752,29,100
35753,22,100
35755,29,100
35756,22,100
35758,29,100
35759,29,100
35760,12,100
35761,22,100
35766,12,100
35767,29,100
35768,22,100
35769,12,100
35770,29,100
35778,18,100
35782,1,100
35784,29,100
35786,22,100
35791,22,100
35792,22,100
35793,1,100
35795,22,100
35796,12,100
35798,1,100
35799,22,100
35801,2,100
35802,10,100
35803,29,100
35805,22,100
35807,20,100
35808,4,100
35811,20,100
35818,14,100
35821,12,100
35822,29,100
35824,18,100
35826,10,100
35827,10,100
35833,1,100
35834,20,100
35835,31,100
35836,31,100
35838,29,100
35839,22,100
35840,22,100
35841,18,100
35845,22,100
35846,29,100
35849,25,100
35850,12,100
35852,24,100
35855,3,100
35856,20,100
35858,29,100
35861,14,100
35866,9,100
35869,1,100
35871,22,100
35872,9,100
35873,14,100
35874,21,100
35875,18,100
35876,1,100
35879,18,100
35881,15,100
35882,1,100
35884,15,100
35887,5,100
35888,22,100
35889,28,100
35899,13,100
35900,14,100
35904,14,100
35905,22,100
35906,4,100
35907,20,100
35908,22,100
35910,13,100
35912,17,100
35913,5,100
35914,11,100
35917,3,100
35918,7,100
35922,16,100
35923,17,100
35924,25,100
35926,25,100
35928,11,100
35933,28,100
35936,25,100
35940,22,100
35941,17,100
35943,19,100
35945,0,100
35947,16,100
35948,19,100
35951,1,100
35952,25,100
35955,25,100
35956,11,100
35957,14,100
35960,13,100
35962,22,100
35964,20,100
35965,13,100
35967,31,100
35971,13,100
35973,25,100
35975,25,100
35977,0,100
35978,14,100
35979,15,100
35981,11,100
35982,27,100
35984,28,100
35986,11,100
35988,13,100
35990,13,100
35991,28,100
35994,19,100
35995,15,100
35997,16,100
35998,15,100
36001,11,100
36004,11,100
36005,10,100
36009,3,100
36010,27,100
36011,16,100
36012,4,100
36013,3,100
36015,25,100
36016,20,100
36017,25,100
36026,14,100
36028,10,100
36031,14,100
36032,1,100
36033,25,100
36034,21,100
36038,13,100
36039,20,100
36040,8,100
36042,28,100
36045,20,100
36047,21,100
36048,17,100
36049,1,100
36052,19,100
36053,3,100
36056,22,100
36058,16,100
36061,4,100
36063,1,100
36064,20,100
36065,7,100
36066,3,100
36068,13,100
36070,4,100
36071,14,100
36072,21,100
36073,21,100
36074,11,100
36075,10,100
36076,25,100
36078,13,100
36082,19,100
36083,0,100
36084,1,100
36086,16,100
36089,1,100
36090,14,100
36093,3,100
36094,6,100
36095,3,100
36096,25,100
36097,20,100
36099,20,100
36100,19,100
36101,15,100
36103,20,100
36106,20,100
36107,7,100
36111,11,100
36115,14,100
36117,20,100
36120,14,100
36121,14,100
36125,24,100
36127,22,100
36128,1,100
36129,24,100
36134,21,100
36137,21,100
36138,0,100
36140,19,100
36141,3,100
36143,16,100
36147,6,100
36148,15,100
36149,3,100
36150,0,100
36151,3,100
36152,25,100
36154,28,100
36156,5,100
36162,19,100
36164,6,100
36165,24,100
36167,13,100
36168,7,100
36172,21,100
36173,19,100
36175,28,100
36177,22,100
36179,20,100
36184,14,100
36186,6,100
36192,4,100
36193,10,100
36194,14,100
36196,13,100
36197,22,100
36198,22,100
36199,8,100
36204,10,100
36205,3,100
36206,20,100
36209,13,100
36210,29,100
36213,13,100
36216,13,100
36218,21,100
36221,19,100
36223,27,100
36225,11,100
36226,21,100
36227,6,100
36229,0,100
36231,27,100
36233,11,100
36234,25,100
36235,24,100
36237,13,100
36238,13,100
36239,20,100
36240,3,100
36242,25,100
36246,5,100
36248,13,100
36249,25,100
36250,13,100
36252,0,100
36254,27,100
36259,11,100
36261,0,100
36262,16,100
36263,16,100
36266,11,100
36267,25,100
36270,21,100
36271,0,100
36272,27,100
36275,11,100
36278,13,100
36279,14,100
36280,17,100
36284,13,100
36285,8,100
36286,1,100
36287,23,100
36290,21,100
36291,0,100
36293,27,100
36295,16,100
36296,0,100
36297,0,100
36298,25,100
36300,12,100
36301,0,100
36305,3,100
36306,0,100
36309,0,100
36310,0,100
36311,12,100
36313,4,100
36314,11,100
36315,22,100
36318,20,100
36319,14,100
36323,0,100
36324,0,100
36325,27,100
36328,25,100
36330,13,100
36332,9,100
36333,11,100
36334,18,100
36335,1,100
36337,22,100
36338,14,100
36339,22,100
36340,12,100
36341,22,100
36342,0,100
36344,27,100
36348,19,100
36349,11,100
36351,24,100
36352,12,100
36353,4,100
36356,22,100
36357,0,100
36358,19,100
36360,13,100
36361,28,100
36363,18,100
36364,8,100
36367,12,100
36369,12,100
36372,1,100
36376,12,100
36377,10,100
36381,7,100
36383,20,100
36385,12,100
36391,3,100
36393,20,100
36399,0,100
36401,22,100
36402,0,100
36403,3,100
36406,10,100
36407,25,100
36410,25,100
36411,12,100
36412,1,100
36414,12,100
36416,18,100
36420,6,100
36421,18,100
36423,25,100
36425,13,100
36428,22,100
36429,2,100
36430,15,100
36431,18,100
36433,18,100
36435,10,100
36436,15,100
36438,13,100
36439,13,100
36442,18,100
36448,18,100
36450,13,100
36452,18,100
36453,24,100
36456,8,100
36457,24,100
36458,13,100
36459,13,100
36463,13,100
36464,13,100
36465,11,100
36466,31,100
36470,18,100
36471,13,100
36474,8,100
36475,13,100
36477,19,100
36480,24,100
36482,24,100
36485,24,100
36488,1,100
36493,1,100
36500,20,100
36502,13,100
36503,24,100
36504,25,100
36505,13,100
36506,1,100
36508,29,100
36511,15,100
36514,19,100
36515,13,100
36517,14,100
36518,10,100
36520,20,100
36521,28,100
36525,20,100
36526,21,100
36528,28,100
36529,28,100
36531,1,100
36532,0,100
36535,0,100
36541,19,100
36542,25,100
36543,6,100
36544,0,100
36545,19,100
36546,27,100
36548,24,100
36550,5,100
36552,13,100
36553,19,100
36554,0,100
36556,5,100
36557,10,100
36560,1,100
36563,6,100
36565,19,100
36566,2,100
36567,19,100
36568,14,100
36569,3,100
36570,8,100
36571,22,100
36573,31,100
36578,14,100
36579,10,100
36580,5,100
36585,13,100
36588,10,100
36590,10,100
36591,28,100
36592,24,100
36597,10,100
36600,15,100
36602,14,100
36604,15,100
36605,21,100
36606,0,100
36608,6,100
36611,17,100
36614,25,100
36616,0,100
36618,11,100
36619,10,100
36621,19,100
36625,0,100
36626,10,100
36627,0,100
36628,25,100
36629,0,100
36630,0,100
36635,22,100
36638,22,100
36642,22,100
36643,10,100
36644,8,100
36647,8,100
36650,18,100
36653,22,100
36654,22,100
36657,14,100
36658,22,100
36661,7,100
36662,3,100
36663,14,100
36664,12,100
36665,12,100
36666,28,100
36667,14,100
36669,22,100
36670,22,100
36673,6,100
36675,22,100
36676,22,100
36677,22,100
36682,22,100
36685,22,100
36686,12,100
36687,18,100
36689,18,100
36690,22,100
36691,18,100
36694,22,100
36695,7,100
36696,22,100
36697,12,100
36699,22,100
36700,22,100
36702,22,100
36703,14,100
36707,22,100
36708,15,100
36709,29,100
36711,20,100
36712,29,100
36714,1,100
36715,10,100
36717,22,100
36718,22,100
36720,28,100
36721,24,100
36722,8,100
36728,24,100
36729,19,100
36730,6,100
36732,28,100
36733,26,100
36736,22,100
36739,22,100
36743,3,100
36746,24,100
36747,26,100
36749,20,100
36750,20,100
36752,15,100
36753,24,100
36754,25,100
36755,24,100
36756,26,100
36758,28,100
36762,5,100
36765,28,100
36766,6,100
36768,6,100
36769,7,100
36770,10,100
36771,20,100
36772,5,100
36773,14,100
36774,6,100
36778,14,100
36780,10,100
36781,4,100
36783,6,100
36785,28,100
36789,10,100
36791,6,100
36794,28,100
36795,10,100
36796,21,100
36799,5,100
36800,20,100
36802,10,100
36803,14,100
36804,26,100
36805,10,100
36808,4,100
36810,6,100
36811,6,100
36812,5,100
36813,24,100
36814,1,100
36815,12,100
36816,6,100
36823,25,100
36825,1,100
36828,29,100
36829,17,100
36830,17,100
36831,17,100
36832,13,100
36835,17,100
36837,19,100
36838,17,100
36840,6,100
36841,24,100
36844,1,100
36846,17,100
36848,4,100
36849,14,100
36850,28,100
36851,14,100
36853,6,100
36854,1,100
36856,8,100
36857,24,100
36858,14,100
36859,21,100
36862,7,100
36863,4,100
36864,5,100
36865,4,100
36867,22,100
36868,12,100
36869,3,100
36871,17,100
36873,17,100
36874,17,100
36875,22,100
36876,19,100
36878,24,100
36879,17,100
36882,24,100
36883,24,100
36885,13,100
36886,25,100
36887,10,100
36889,21,100
36891,4,100
36893,5,100
36896,25,100
36897,4,100
36898,17,100
36904,17,100
36905,17,100
36906,22,100
36908,17,100
36909,13,100
36910,17,100
36913,14,100
36915,29,100
36916,0,100
36917,8,100
36919,22,100
36920,11,100
36921,27,100
36922,23,100
36924,24,100
36925,14,100
36927,24,100
36930,13,100
36932,17,100
36933,6,100
36935,14,100
36936,25,100
36937,24,100
36938,21,100
36940,24,100
36941,28,100
36946,25,100
36947,28,100
36952,6,100
36953,28,100
36954,31,100
36955,7,100
36957,23,100
36960,5,100
36961,14,100
36964,25,100
36967,19,100
36970,17,100
36971,24,100
36974,0,100
36975,3,100
36977,19,100
36980,14,100
36981,22,100
36983,0,100
36985,1,100
36986,4,100
36987,25,100
36990,31,100
36991,21,100
36995,24,100
36997,11,100
36998,24,100
37000,22,100
37001,1,100
37002,24,100
37004,25,100
37006,13,100
37008,25,100
37012,29,100
37013,24,100
37014,14,100
37015,2,100
37016,25,100
37017,22,100
37020,25,100
37022,31,100
37023,17,100
37024,17,100
37026,21,100
37027,20,100
37028,17,100
37029,14,100
37032,0,100
37033,17,100
37035,3,100
37036,23,100
37037,11,100
37041,25,100
37042,3,100
37046,17,100
37047,24,100
37050,13,100
37053,24,100
37054,1,100
37055,23,100
37057,28,100
37058,24,100
37059,10,100
37060,19,100
37061,1,100
37063,1,100
37072,25,100
37073,3,100
37074,28,100
37076,6,100
37082,21,100
37084,11,100
37086,7,100
37088,24,100
37090,1,100
37091,1,100
37093,24,100
37094,1,100
37095,0,100
37100,1,100
37102,25,100
37104,21,100
37105,21,100
37106,19,100
37108,14,100
37110,31,100
37112,20,100
37114,14,100
37115,24,100
37119,19,100
37120,19,100
37127,13,100
37128,1,100
37129,15,100
37130,22,100
37135,21,100
37137,25,100
37139,22,100
37143,22,100
37144,24,100
37147,24,100
37149,11,100
37152,13,100
37153,14,100
37155,3,100
37156,3,100
37159,11,100
37160,27,100
37162,19,100
37163,19,100
37166,1,100
37167,24,100
37168,19,100
37169,19,100
37171,25,100
37172,24,100
37173,25,100
37175,1,100
37176,14,100
37178,14,100
37179,11,100
37181,26,100
37182,20,100
37183,23,100
37184,25,100
37186,22,100
37188,22,100
37189,10,100
37192,25,100
37195,8,100
37197,18,100
37199,11,100
37200,24,100
37205,14,100
37209,3,100
37215,11,100
37216,22,100
37217,27,100
37221,31,100
37222,7,100
37223,24,100
37224,19,100
37229,24,100
37231,26,100
37233,6,100
37234,14,100
37237,19,100
37238,22,100
37240,24,100
37241,24,100
37243,6,100
37244,7,100
37245,14,100
37246,2,100
37247,20,100
37248,25,100
37250,24,100
37253,11,100
37254,17,100
37255,11,100
37259,14,100
37262,1,100
37266,15,100
37267,17,100
37270,0,100
37272,11,100
37274,16,100
37277,25,100
37278,1,100
37281,22,100
37283,14,100
37284,2,100
37286,25,100
37287,11,100
37288,6,100
37290,24,100
37291,20,100
37292,6,100
37294,4,100
37295,25,100
37296,1,100
37298,1,100
37299,20,100
37300,19,100
37303,4,100
37307,24,100
37314,22,100
37316,8,100
37318,10,100
37319,23,100
37323,2,100
37324,24,100
37325,24,100
37328,17,100
37330,0,100
37331,1,100
37334,27,100
37337,14,100
37340,28,100
37341,10,100
37342,10,100
37347,24,100
37348,14,100
37349,7,100
37350,7,100
37351,25,100
37354,23,100
37356,24,100
37359,19,100
37360,1,100
37366,8,100
37369,20,100
37373,25,100
37374,0,100
37376,23,100
37378,20,100
37379,25,100
37382,23,100
37385,10,100
37388,1,100
37390,6,100
37391,20,100
37392,23,100
37396,21,100
37398,25,100
37399,22,100
37400,14,100
37401,1,100
37404,17,100
37406,3,100
37407,25,100
37408,3,100
37409,17,100
37413,10,100
37414,1,100
37415,8,100
37416,0,100
37417,23,100
37421,14,100
37427,6,100
37431,1,100
37434,5,100
37439,15,100
37440,8,100
37444,27,100
37445,31,100
37446,16,100
37447,2,100
37450,17,100
37452,14,100
37453,17,100
37454,17,100
37456,1,100
37457,25,100
37461,24,100
37464,19,100
37465,24,100
37466,24,100
37467,19,100
37468,1,100
37469,24,100
37472,21,100
37474,1,100
37475,26,100
37476,26,100
37478,6,100
37480,25,100
37482,24,100
37483,14,100
37486,15,100
37490,24,100
37491,26,100
37492,4,100
37495,0,100
37496,20,100
37497,14,100
37498,24,100
37501,30,100
37502,23,100
37503,30,100
37507,11,100
37508,22,100
37509,24,100
37511,11,100
37512,0,100
37513,11,100
37514,27,100
37516,6,100
37517,25,100
37518,25,100
37520,22,100
37521,25,100
37523,11,100
37526,24,100
37527,1,100
37531,25,100
37532,25,100
37533,1,100
37536,10,100
37540,1,100
37541,31,100
37543,31,100
37545,25,100
37546,14,100
37547,30,100
37551,24,100
37552,30,100
37553,25,100
37554,5,100
37556,12,100
37557,10,100
37558,0,100
37559,25,100
37560,25,100
37561,11,100
37562,22,100
37565,24,100
37568,2,100
37571,14,100
37576,1,100
37577,6,100
37578,30,100
37580,14,100
37581,14,100
37583,10,100
37584,28,100
37587,19,100
37590,25,100
37592,30,100
37593,23,100
37598,21,100
37600,11,100
37604,14,100
37605,10,100
37607,30,100
37608,5,100
37609,11,100
37610,21,100
37611,24,100
37612,0,100
37613,22,100
37614,30,100
37616,25,100
37617,21,100
37618,24,100
37619,8,100
37620,6,100
37623,11,100
37625,24,100
37627,24,100
37629,23,100
37631,1,100
37634,20,100
37636,24,100
37637,24,100
37640,31,100
37642,24,100
37645,28,100
37646,30,100
37647,25,100
37651,25,100
37652,23,100
37653,2,100
37654,2,100
37655,6,100
37657,1,100
37658,21,100
37660,28,100
37662,30,100
37665,23,100
37670,12,100
37673,6,100
37678,23,100
37683,10,100
37686,13,100
37687,1,100
37688,1,100
37689,26,100
37691,20,100
37692,6,100
37694,25,100
37699,4,100
37700,0,100
37707,24,100
37709,25,100
37712,4,100
37715,11,100
37716,24,100
37717,1,100
37718,22,100
37720,19,100
37721,4,100
37724,1,100
37725,14,100
37727,5,100
37728,7,100
37730,28,100
37731,28,100
37732,10,100
37733,25,100
37734,28,100
37735,28,100
37736,1,100
37737,2,100
37738,2,100
37740,30,100
37741,0,100
37745,16,100
37747,0,100
37749,28,100
37750,24,100
37753,23,100
37757,6,100
37758,28,100
37761,18,100
37762,4,100
37765,22,100
37766,10,100
37767,18,100
37768,14,100
37773,14,100
37774,28,100
37777,25,100
37778,26,100
37779,5,100
37781,24,100
37786,20,100
37789,24,100
37791,0,100
37793,0,100
37794,15,100
37795,10,100
37796,14,100
37797,11,100
37798,31,100
37799,7,100
37800,16,100
37801,15,100
37802,5,100
37809,24,100
37810,22,100
37813,2,100
37815,19,100
37816,19,100
37818,6,100
37819,18,100
37824,21,100
37828,18,100
37829,24,100
37831,24,100
37833,24,100
37836,24,100
37837,10,100
37838,0,100
37839,22,100
37840,25,100
37845,24,100
37847,15,100
37848,0,100
37852,14,100
37854,16,100
37856,31,100
37857,24,100
37858,1,100
37859,28,100
37862,25,100
37863,24,100
37864,4,100
37865,2,100
37866,6,100
37868,23,100
37870,24,100
37873,1,100
37875,19,100
37878,1,100
37881,28,100
37882,6,100
37883,28,100
37884,28,100
37885,29,100
37893,15,100
37894,10,100
37897,1,100
37898,10,100
37899,21,100
37902,0,100
37906,15,100
37911,12,100
37912,0,100
37913,2,100
37914,4,100
37915,10,100
37916,12,100
37917,14,100
37919,6,100
37920,22,100
37922,12,100
37923,21,100
37925,6,100
37927,21,100
37934,22,100
37937,20,100
37938,28,100
37940,24,100
37942,22,100
37945,22,100
37947,14,100
37949,10,100
37950,28,100
37953,18,100
37954,10,100
37957,28,100
37960,28,100
37961,13,100
37965,12,100
37966,24,100
37967,0,100
37969,28,100
37971,12,100
37973,20,100
37974,27,100
37975,18,100
37978,20,100
37979,28,100
37980,6,100
37981,6,100
37984,6,100
37989,6,100
37990,12,100
37992,6,100
37995,25,100
37998,10,100
37999,20,100
38001,7,100
38003,24,100
38004,0,100
38007,5,100
38010,20,100
38012,20,100
38014,14,100
38016,10,100
38017,6,100
38018,20,100
38020,1,100
38021,12,100
38023,24,100
38025,24,100
38026,24,100
38027,14,100
38028,24,100
38029,9,100
38030,14,100
38033,20,100
38035,28,100
38037,9,100
38039,10,100
38040,6,100
38042,1,100
38043,9,100
38045,6,100
38047,9,100
38048,24,100
38050,14,100
38053,20,100
38054,13,100
38058,12,100
38061,19,100
38063,28,100
38064,14,100
38065,1,100
38068,14,100
38070,28,100
38073,10,100
38074,1,100
38077,10,100
38078,20,100
38081,6,100
38083,12,100
38089,12,100
38091,21,100
38093,18,100
38094,1,100
38096,18,100
38099,6,100
38103,14,100
38107,6,100
38109,1,100
38111,22,100
38112,6,100
38113,20,100
38114,20,100
38116,5,100
38119,11,100
38123,26,100
38124,22,100
38127,21,100
38128,1,100
38132,5,100
38133,12,100
38136,24,100
38137,12,100
38139,20,100
38140,21,100
38141,19,100
38144,11,100
38146,20,100
38149,19,100
38150,14,100
38155,1,100
38156,18,100
38157,13,100
38160,24,100
38161,13,100
38162,8,100
38163,13,100
38164,24,100
38166,15,100
38167,18,100
38168,14,100
38175,18,100
38177,1,100
38181,19,100
38189,27,100
38190,14,100
38191,2,100
38193,11,100
38194,1,100
38198,20,100
38200,10,100
38201,18,100
38204,18,100
38205,6,100
38206,18,100
38207,1,100
38208,10,100
38209,15,100
38212,24,100
38213,14,100
38214,10,100
38219,5,100
38223,6,100
38224,13,100
38228,24,100
38229,18,100
38232,24,100
38234,8,100
38236,13,100
38238,11,100
38239,4,100
38240,29,100
38241,4,100
38242,4,100
38246,0,100
38248,27,100
38249,12,100
38251,7,100
38252,7,100
38254,21,100
38256,17,100
38257,0,100
38263,24,100
38264,26,100
38265,1,100
38266,12,100
38267,4,100
38268,17,100
38269,3,100
38271,1,100
38272,7,100
38275,4,100
38276,1,100
38277,29,100
38279,14,100
38282,19,100
38283,4,100
38287,15,100
38288,29,100
38290,4,100
38293,10,100
38295,31,100
38296,5,100
38298,4,100
38299,0,100
38303,3,100
38305,2,100
38306,5,100
38307,24,100
38308,1,100
38309,12,100
38310,19,100
38312,5,100
38317,20,100
38320,4,100
38322,2,100
38323,1,100
38324,2,100
38326,2,100
38327,2,100
38330,10,100
38331,29,100
38332,2,100
38335,27,100
38336,19,100
38337,1,100
38339,2,100
38340,19,100
38341,19,100
38344,21,100
38347,19,100
38348,19,100
38350,21,100
38351,0,100
38352,7,100
38354,16,100
38356,4,100
38357,13,100
38359,19,100
38361,13,100
38363,13,100
38364,10,100
38366,19,100
38370,4,100
38372,19,100
38373,22,100
38375,19,100
38376,12,100
38378,19,100
38385,4,100
38386,19,100
38387,19,100
38388,4,100
38390,6,100
38391,14,100
38393,13,100
38395,31,100
38401,0,100
38406,27,100
38407,22,100
38408,0,100
38410,1,100
38411,29,100
38412,19,100
38414,18,100
38415,4,100
38420,1,100
38422,2,100
38423,31,100
38424,29,100
38425,4,100
38430,0,100
38432,29,100
38434,1,100
38436,25,100
38440,1,100
38442,27,100
38443,8,100
38444,13,100
38446,2,100
38448,22,100
38450,14,100
38451,2,100
38453,19,100
38454,12,100
38455,30,100
38460,4,100
38461,8,100
38462,13,100
38465,20,100
38466,8,100
38468,25,100
38470,0,100
38471,7,100
38472,27,100
38473,16,100
38475,28,100
38476,2,100
38477,7,100
38478,6,100
38479,25,100
38480,25,100
38482,20,100
38483,22,100
38486,21,100
38489,10,100
38495,22,100
38496,27,100
38497,16,100
38499,25,100
38500,22,100
38504,15,100
38505,14,100
38509,2,100
38510,22,100
38511,27,100
38517,24,100
38519,1,100
38520,21,100
38522,15,100
38524,14,100
38525,9,100
38527,0,100
38528,22,100
38529,16,100
38530,0,100
38531,9,100
38534,12,100
38535,9,100
38536,9,100
38537,9,100
38538,9,100
38539,9,100
38540,9,100
38542,7,100
38543,31,100
38544,31,100
38545,7,100
38552,31,100
38553,7,100
38556,25,100
38561,22,100
38564,17,100
38566,31,100
38571,25,100
38572,22,100
38576,29,100
38579,20,100
38580,0,100
38581,22,100
38582,26,100
38583,31,100
38584,22,100
38586,20,100
38587,21,100
38589,9,100
38590,20,100
38591,22,100
38592,26,100
38594,4,100
38595,9,100
38600,1,100
38601,19,100
38602,20,100
38603,18,100
38604,31,100
38605,22,100
38606,12,100
38607,12,100
38608,31,100
38609,31,100
38610,1,100
38611,1,100
38612,31,100
38613,12,100
38614,22,100
38615,22,100
38618,22,100
38621,31,100
38625,0,100
38626,26,100
38628,9,100
38629,1,100
38630,31,100
38631,31,100
38632,31,100
38633,29,100
38637,29,100
38642,31,100
38643,31,100
38644,1,100
38645,14,100
38647,1,100
38651,18,100
38654,29,100
38656,30,100
38657,22,100
38659,4,100
38663,24,100
38666,22,100
38667,9,100
38668,9,100
38670,9,100
38673,13,100
38675,9,100
38676,9,100
38678,9,100
38679,19,100
38680,9,100
38681,9,100
38683,19,100
38685,19,100
38686,4,100
38687,24,100
38688,21,100
38689,25,100
38691,10,100
38693,24,100
38694,24,100
38695,13,100
38697,20,100
38701,25,100
38702,17,100
38704,17,100
38705,25,100
38706,10,100
38707,30,100
38710,13,100
38711,4,100
38713,29,100
38716,4,100
38717,25,100
38720,8,100
38721,25,100
38722,5,100
38726,4,100
38727,5,100
38728,11,100
38730,8,100
38732,22,100
38739,24,100
38740,24,100
38743,5,100
38746,19,100
38750,14,100
38752,24,100
38753,11,100
38757,19,100
38758,11,100
38760,19,100
38761,24,100
38764,11,100
38768,19,100
38770,11,100
38772,25,100
38774,11,100
38775,19,100
38776,19,100
38777,26,100
38778,19,100
38780,6,100
38781,24,100
38783,19,100
38784,6,100
38786,1,100
38788,19,100
38791,24,100
38792,11,100
38793,19,100
38796,26,100
38800,1,100
38801,24,100
38802,26,100
38803,19,100
38804,24,100
38806,24,100
38808,11,100
38810,26,100
38811,25,100
38812,26,100
38816,11,100
38817,17,100
38818,19,100
38819,14,100
38820,22,100
38823,28,100
38825,1,100
38828,19,100
38831,11,100
38833,26,100
38836,28,100
38837,28,100
38838,5,100
38840,11,100
38843,28,100
38845,20,100
38846,31,100
38847,1,100
38850,11,100
38851,28,100
38853,26,100
38854,24,100
38856,10,100
38857,11,100
38858,24,100
38860,19,100
38861,28,100
38863,24,100
38864,6,100
38867,21,100
38868,31,100
38869,11,100
38873,14,100
38874,11,100
38876,6,100
38878,11,100
38879,14,100
38880,26,100
38882,11,100
38883,31,100
38884,26,100
38888,5,100
38895,29,100
38896,10,100
38898,24,100
38900,4,100
38901,4,100
38904,20,100
38905,7,100
38908,1,100
38911,1,100
38914,10,100
38917,4,100
38922,24,100
38923,1,100
38925,4,100
38926,4,100
38927,4,100
38929,4,100
38932,4,100
38933,4,100
38934,29,100
38935,4,100
38936,10,100
38939,28,100
38942,29,100
38943,1,100
38944,24,100
38945,10,100
38947,10,100
38949,10,100
38950,10,100
38951,25,100
38952,10,100
38953,10,100
38956,10,100
38957,10,100
38958,10,100
38959,4,100
38960,4,100
38961,1,100
38962,10,100
38963,24,100
38964,10,100
38965,4,100
38969,4,100
38971,10,100
38972,1,100
38976,2,100
38978,10,100
38979,28,100
38980,10,100
38981,23,100
38982,24,100
38984,10,100
38987,10,100
38988,24,100
38989,29,100
38991,28,100
38993,10,100
38994,6,100
38995,10,100
38997,10,100
38999,4,100
39000,4,100
39002,10,100
39003,29,100
39006,25,100
39010,4,100
39011,4,100
39012,25,100
39014,25,100
39016,4,100
39018,4,100
39022,4,100
39026,4,100
39027,1,100
39031,1,100
39033,1,100
39036,21,100
39037,25,100
39039,4,100
39045,21,100
39046,25,100
39048,4,100
39049,25,100
39052,10,100
39053,10,100
39054,10,100
39057,4,100
39059,10,100
39061,10,100
39065,10,100
39066,10,100
39067,4,100
39068,14,100
39072,10,100
39074,10,100
39077,4,100
39078,10,100
39079,10,100
39083,4,100
39085,10,100
39086,10,100
39087,10,100
39088,24,100
39089,4,100
39090,10,100
39091,24,100
39092,4,100
39094,10,100
39096,4,100
39098,10,100
39100,10,100
39105,4,100
39106,24,100
39108,24,100
39111,10,100
39112,10,100
39117,10,100
39118,4,100
39120,17,100
39122,4,100
39124,10,100
39126,10,100
39127,24,100
39130,24,100
39134,10,100
39138,4,100
39139,1,100
39141,10,100
39143,4,100
39144,4,100
39145,10,100
39146,10,100
39149,24,100
39151,4,100
39152,4,100
39153,4,100
39154,4,100
39155,4,100
39156,4,100
39158,4,100
39160,10,100
39161,25,100
39165,24,100
39167,4,100
39168,10,100
39171,4,100
39173,14,100
39174,4,100
39176,10,100
39179,1,100
39180,24,100
39182,4,100
39183,10,100
39184,24,100
39186,10,100
39187,6,100
39188,24,100
39192,4,100
39193,4,100
39195,21,100
39196,25,100
39197,4,100
39198,21,100
39200,1,100
39201,4,100
39202,1,100
39205,25,100
39206,25,100
39207,24,100
39209,28,100
39213,25,100
39217,10,100
39219,21,100
39221,24,100
39223,28,100
39225,4,100
39226,4,100
39228,19,100
39231,19,100
39233,21,100
39240,10,100
39243,25,100
39245,26,100
39246,4,100
39247,10,100
39249,20,100
39250,10,100
39251,2,100
39252,29,100
39254,4,100
39256,19,100
39257,4,100
39259,10,100
39261,25,100
39262,4,100
39268,24,100
39269,17,100
39270,10,100
39271,20,100
39272,10,100
39273,10,100
39274,12,100
39275,10,100
39277,15,100
39281,21,100
39283,10,100
39285,10,100
39286,10,100
39287,1,100
39290,4,100
39292,4,100
39294,24,100
39295,10,100
39296,10,100
39297,29,100
39301,10,100
39302,10,100
39304,10,100
39306,10,100
39307,10,100
39312,24,100
39315,10,100
39317,4,100
39324,7,100
39326,24,100
39327,24,100
39329,10,100
39331,29,100
39333,22,100
39335,10,100
39336,14,100
39337,29,100
39340,10,100
39343,10,100
39344,10,100
39345,29,100
39351,29,100
39354,10,100
39359,4,100
39360,24,100
39363,1,100
39364,3,100
39366,20,100
39370,4,100
39371,2,100
39372,2,100
39375,24,100
39376,10,100
39377,4,100
39378,1,100
39381,10,100
39382,10,100
39383,15,100
39389,4,100
39391,10,100
39392,10,100
39393,1,100
39394,10,100
39395,4,100
39397,25,100
39399,19,100
39401,24,100
39403,22,100
39408,31,100
39409,1,100
39410,20,100
39411,7,100
39415,28,100
39416,24,100
39418,4,100
39421,10,100
39424,14,100
39425,10,100
39429,22,100
39430,14,100
39431,22,100
39432,29,100
39434,22,100
39436,10,100
39439,1,100
39444,1,100
39445,29,100
39446,10,100
39447,25,100
39450,1,100
39455,1,100
39456,29,100
39457,31,100
39458,20,100
39461,20,100
39463,4,100
39466,1,100
39471,10,100
39472,10,100
39473,10,100
39474,25,100
39475,5,100
39478,6,100
39480,31,100
39481,19,100
39483,28,100
39485,10,100
39486,10,100
39487,25,100
39489,1,100
39490,6,100
39493,25,100
39494,29,100
39495,21,100
39501,4,100
39503,7,100
39505,10,100
39510,22,100
39515,10,100
39517,10,100
39520,1,100
39521,10,100
39522,3,100
39523,25,100
39524,23,100
39525,22,100
39526,2,100
39527,8,100
39533,28,100
39537,16,100
39538,20,100
39540,31,100
39542,25,100
39544,4,100
39545,26,100
39546,1,100
39547,21,100
39548,14,100
39549,6,100
39554,26,100
39556,13,100
39557,4,100
39561,14,100
39562,4,100
39564,17,100
39568,4,100
39569,31,100
39570,7,100
39571,20,100
39572,19,100
39573,28,100
39576,12,100
39577,13,100
39578,4,100
39581,19,100
39584,19,100
39586,3,100
39588,19,100
39589,16,100
39590,14,100
39591,14,100
39594,14,100
39595,0,100
39596,19,100
39597,10,100
39607,22,100
39608,19,100
39609,16,100
39610,19,100
39611,31,100
39614,6,100
39615,14,100
39616,1,100
39620,14,100
39622,25,100
39623,14,100
39624,29,100
39625,28,100
39627,21,100
39628,21,100
39629,14,100
39631,31,100
39634,24,100
39635,14,100
39636,8,100
39637,14,100
39638,21,100
39639,22,100
39641,21,100
39645,13,100
39646,5,100
39649,21,100
39650,19,100
39654,20,100
39655,21,100
39657,0,100
39658,27,100
39660,14,100
39663,6,100
39664,12,100
39665,19,100
39667,20,100
39669,6,100
39670,14,100
39671,6,100
39672,21,100
39675,19,100
39677,6,100
39680,28,100
39681,14,100
39682,24,100
39684,14,100
39686,20,100
39688,25,100
39689,21,100
39690,26,100
39691,14,100
39692,14,100
39694,14,100
39696,0,100
39698,27,100
39699,16,100
39700,31,100
39701,6,100
39703,6,100
39704,14,100
39706,12,100
39707,21,100
39712,22,100
39714,20,100
39716,6,100
39717,31,100
39719,20,100
39721,6,100
39722,6,100
39723,16,100
39724,28,100
39728,22,100
39731,21,100
39733,21,100
39738,14,100
39739,6,100
39742,1,100
39744,10,100
39746,21,100
39748,20,100
39750,6,100
39751,1,100
39753,3,100
39754,5,100
39755,13,100
39762,20,100
39763,14,100
39773,19,100
39774,8,100
39775,13,100
39777,28,100
39778,4,100
39780,8,100
39781,13,100
39783,2,100
39784,7,100
39785,31,100
39788,1,100
39792,7,100
39795,22,100
39797,15,100
39798,28,100
39803,14,100
39808,22,100
39810,3,100
39813,31,100
39815,31,100
39816,2,100
39817,2,100
39818,2,100
39822,28,100
39831,20,100
39834,24,100
39835,24,100
39836,20,100
39837,24,100
39838,12,100
39839,19,100
39841,6,100
39843,6,100
39844,31,100
39845,31,100
39847,31,100
39848,31,100
39849,31,100
39853,31,100
39858,28,100
39859,28,100
39861,12,100
39863,26,100
39864,14,100
39868,21,100
39869,21,100
39870,2,100
39874,6,100
39878,24,100
39881,14,100
39885,24,100
39888,20,100
39890,20,100
39892,2,100
39896,24,100
39897,28,100
39898,28,100
39902,2,100
39904,6,100
39905,2,100
39907,4,100
39908,21,100
39911,5,100
39912,6,100
39914,26,100
39917,28,100
39918,2,100
39919,28,100
39921,26,100
39923,20,100
39924,22,100
39926,5,100
39928,21,100
39929,28,100
39930,8,100
39932,6,100
39933,24,100
39936,25,100
39937,8,100
39938,12,100
39940,1,100
39942,13,100
39944,19,100
39945,26,100
39946,21,100
39947,6,100
39948,20,100
39949,14,100
39951,2,100
39953,22,100
39955,20,100
39956,14,100
39957,10,100
39960,20,100
39962,26,100
39964,2,100
39966,24,100
39968,25,100
39969,21,100
39971,5,100
39972,5,100
39973,6,100
39975,6,100
39976,14,100
39977,2,100
39981,25,100
39982,24,100
39985,26,100
39987,14,100
39988,4,100
39990,26,100
39991,26,100
39995,6,100
39997,28,100
39998,5,100
39999,24,100
40005,14,100
40006,2,100
40008,20,100
40009,6,100
40010,21,100
40011,10,100
40012,25,100
40015,21,100
40017,25,100
40018,24,100
40019,6,100
40020,14,100
40022,26,100
40026,2,100
40027,21,100
40032,20,100
40034,24,100
40035,21,100
40038,5,100
40039,14,100
40040,20,100
40041,24,100
40044,24,100
40045,20,100
40046,24,100
40048,21,100
40049,21,100
40050,31,100
40052,2,100
40053,28,100
40054,28,100
40055,2,100
40057,21,100
40060,14,100
40061,5,100
40063,2,100
40064,24,100
40066,2,100
40071,20,100
40074,22,100
40082,24,100
40083,26,100
40085,21,100
40086,24,100
40087,31,100
40092,6,100
40093,24,100
40095,6,100
40099,2,100
40101,20,100
40102,6,100
40103,22,100
40107,4,100
40111,2,100
40113,21,100
40114,24,100
40116,14,100
40117,4,100
40119,14,100
40120,24,100
40121,21,100
40123,25,100
40125,20,100
40127,10,100
40128,20,100
40133,6,100
40135,25,100
40137,2,100
40141,22,100
40143,28,100
40145,31,100
40146,6,100
40147,10,100
40150,21,100
40152,19,100
40153,25,100
40155,25,100
40156,6,100
40157,14,100
40161,25,100
40162,24,100
40163,7,100
40165,19,100
40166,31,100
40169,6,100
40171,21,100
40173,22,100
40174,20,100
40175,20,100
40176,6,100
40179,20,100
40182,19,100
40183,22,100
40184,6,100
40186,14,100
40187,6,100
40188,20,100
40190,2,100
40191,5,100
40192,14,100
40195,14,100
40196,14,100
40199,21,100
40201,19,100
40202,7,100
40203,21,100
40206,2,100
40207,28,100
40208,31,100
40210,14,100
40211,28,100
40212,1,100
40215,26,100
40217,19,100
40219,6,100
40220,6,100
40223,6,100
40224,14,100
40226,10,100
40228,14,100
40229,25,100
40230,19,100
40231,6,100
40233,22,100
40234,5,100
40235,6,100
40237,24,100
40238,6,100
40240,10,100
40243,4,100
40246,22,100
40247,6,100
40249,5,100
40250,1,100
40255,19,100
40256,19,100
40257,19,100
40258,22,100
40259,28,100
40260,7,100
40261,14,100
40265,10,100
40266,20,100
40267,28,100
40268,19,100
40269,6,100
40272,5,100
40279,20,100
40280,21,100
40282,26,100
40283,19,100
40287,26,100
40288,20,100
40292,10,100
40293,6,100
40294,25,100
40296,25,100
40298,10,100
40299,4,100
40302,10,100
40303,4,100
40304,29,100
40306,10,100
40307,2,100
40311,20,100
40313,13,100
40319,24,100
40321,24,100
40322,5,100
40328,24,100
40329,28,100
40330,24,100
40331,13,100
40333,28,100
40335,19,100
40336,13,100
40337,26,100
40339,7,100
40340,24,100
40341,24,100
40346,13,100
40347,13,100
40349,6,100
40350,29,100
40351,3,100
40353,6,100
40354,11,100
40355,13,100
40356,7,100
40357,19,100
40359,7,100
40360,31,100
40361,17,100
40362,3,100
40365,6,100
40366,26,100
40367,10,100
40368,7,100
40369,24,100
40370,1,100
40371,10,100
40374,10,100
40375,22,100
40380,4,100
40381,4,100
40383,6,100
40384,7,100
40388,1,100
40389,26,100
40393,31,100
40394,25,100
40395,22,100
40398,6,100
40400,25,100
40401,25,100
40402,13,100
40404,0,100
40405,0,100
40406,19,100
40407,3,100
40408,27,100
40413,7,100
40414,22,100
40415,4,100
40417,13,100
40418,4,100
40419,25,100
40420,22,100
40421,26,100
40427,25,100
40432,7,100
40437,22,100
40439,25,100
40441,0,100
40444,28,100
40445,21,100
40446,14,100
40447,25,100
40448,25,100
40450,14,100
40451,8,100
40453,25,100
40454,21,100
40457,31,100
40458,20,100
40460,28,100
40464,13,100
40465,21,100
40466,20,100
40467,14,100
40468,25,100
40470,31,100
40471,26,100
40472,17,100
40474,23,100
40476,25,100
40480,26,100
40481,23,100
40483,17,100
40485,13,100
40486,14,100
40489,19,100
40490,0,100
40493,15,100
40495,20,100
40497,20,100
40500,31,100
40501,6,100
40504,25,100
40507,29,100
40509,4,100
40511,0,100
40512,11,100
40513,0,100
40514,0,100
40515,22,100
40516,0,100
40518,3,100
40520,27,100
40521,11,100
40523,14,100
40525,31,100
40528,22,100
40529,24,100
40530,22,100
40531,23,100
40532,28,100
40534,19,100
40535,3,100
40539,16,100
40541,0,100
40543,30,100
40545,25,100
40548,28,100
40549,22,100
40550,7,100
40551,25,100
40552,26,100
40553,8,100
40554,17,100
40556,28,100
40557,22,100
40559,20,100
40560,28,100
40567,11,100
40569,28,100
40570,31,100
40571,22,100
40572,22,100
40578,3,100
40580,0,100
40585,16,100
40586,19,100
40587,11,100
40589,31,100
40590,31,100
40592,17,100
40594,28,100
40595,4,100
40598,7,100
40604,11,100
40605,5,100
40606,3,100
40607,28,100
40608,0,100
40609,19,100
40611,16,100
40613,31,100
40614,8,100
40616,5,100
40617,25,100
40618,24,100
40619,6,100
40620,25,100
40621,13,100
40622,11,100
40623,15,100
40625,7,100
40627,27,100
40628,16,100
40630,17,100
40632,11,100
40634,25,100
40635,15,100
40637,25,100
40646,3,100
40648,19,100
40649,6,100
40650,22,100
40651,13,100
40656,13,100
40659,10,100
40660,15,100
40661,19,100
40665,8,100
40666,22,100
40668,8,100
40669,4,100
40671,1,100
40678,31,100
40681,8,100
40683,13,100
40687,14,100
40688,14,100
40689,25,100
40690,13,100
40697,3,100
40699,6,100
40700,7,100
40709,22,100
40712,0,100
40714,7,100
40715,15,100
40716,3,100
40717,15,100
40732,10,100
40737,22,100
40740,8,100
40742,15,100
40744,1,100
40746,8,100
40748,14,100
40749,14,100
40752,14,100
40756,15,100
40758,22,100
40759,19,100
40763,21,100
40766,10,100
40772,17,100
40773,13,100
40775,13,100
40778,13,100
40781,6,100
40782,25,100
40787,27,100
40788,16,100
40792,25,100
40793,1,100
40795,17,100
40796,4,100
40798,5,100
40802,1,100
40803,26,100
40804,26,100
40807,31,100
40808,31,100
40810,10,100
40811,14,100
40812,11,100
40813,28,100
40815,0,100
40819,12,100
40820,18,100
40822,24,100
40823,11,100
40824,26,100
40825,25,100
40826,5,100
40827,19,100
40829,25,100
40833,24,100
40838,28,100
40840,8,100
40841,30,100
40842,18,100
40844,8,100
40845,25,100
40847,25,100
40848,1,100
40851,7,100
40852,25,100
40853,17,100
40855,12,100
40858,19,100
40859,21,100
40862,2,100
40864,0,100
40866,25,100
40867,25,100
40871,12,100
40872,5,100
40876,6,100
40877,12,100
40881,28,100
40885,10,100
40886,10,100
40889,10,100
40892,10,100
40893,10,100
40895,10,100
40896,10,100
40899,26,100
40901,21,100
40903,25,100
40904,2,100
40908,4,100
40911,7,100
40913,10,100
40915,2,100
40917,3,100
40918,4,100
40919,8,100
40921,19,100
40922,19,100
40923,25,100
40925,4,100
40926,4,100
40929,14,100
40930,10,100
40932,6,100
40933,30,100
40936,22,100
40938,4,100
40939,14,100
40940,21,100
40941,21,100
40942,3,100
40945,2,100
40946,13,100
40947,1,100
40948,1,100
40951,28,100
40952,0,100
40956,30,100
40960,15,100
40961,15,100
40962,6,100
40964,18,100
40968,7,100
40973,0,100
40974,10,100
40976,31,100
40977,25,100
40978,19,100
40979,19,100
40980,25,100
40981,20,100
40984,0,100
40987,16,100
40988,25,100
40990,25,100
40991,11,100
40993,19,100
40997,19,100
40999,25,100
41006,15,100
41007,25,100
41008,25,100
41009,19,100
41010,25,100
41012,15,100
41013,10,100
41015,20,100
41016,0,100
41017,26,100
41018,15,100
41019,25,100
41020,1,100
41021,12,100
41023,12,100
41027,15,100
41031,25,100
41032,27,100
41035,11,100
41038,19,100
41039,25,100
41040,1,100
41044,10,100
41046,12,100
41047,9,100
41050,31,100
41051,31,100
41053,31,100
41054,15,100
41055,25,100
41056,18,100
41058,28,100
41061,14,100
41062,14,100
41064,18,100
41065,9,100
41066,3,100
41068,9,100
41071,25,100
41072,22,100
41073,9,100
41075,25,100
41076,13,100
41077,18,100
41079,25,100
41080,19,100
41082,4,100
41083,20,100
41084,9,100
41085,9,100
41086,31,100
41088,9,100
41089,9,100
41092,19,100
41093,9,100
41096,9,100
41097,15,100
41099,19,100
41101,13,100
41102,12,100
41105,29,100
41106,4,100
41109,15,100
41110,25,100
41114,9,100
41116,21,100
41117,15,100
41118,15,100
41122,25,100
41124,23,100
41125,18,100
41127,7,100
41130,25,100
41131,28,100
41133,19,100
41134,8,100
41137,18,100
41140,18,100
41141,22,100
41143,30,100
41146,13,100
41149,19,100
41151,3,100
41155,25,100
41156,25,100
41158,18,100
41159,30,100
41162,13,100
41165,15,100
41169,22,100
41171,29,100
41172,10,100
41173,21,100
41174,25,100
41175,18,100
41176,13,100
41177,25,100
41180,15,100
41181,25,100
41183,1,100
41186,1,100
41187,3,100
41188,13,100
41192,19,100
41194,9,100
41195,8,100
41197,6,100
41202,24,100
41204,10,100
41208,25,100
41210,19,100
41212,18,100
41213,26,100
41214,10,100
41217,25,100
41218,25,100
41219,13,100
41220,24,100
41222,19,100
41223,19,100
41228,1,100
41231,25,100
41233,24,100
41234,29,100
41236,28,100
41237,24,100
41238,1,100
41241,29,100
41242,24,100
41244,24,100
41245,19,100
41246,14,100
41248,12,100
41251,21,100
41254,25,100
41255,1,100
41257,1,100
41260,9,100
41261,6,100
41263,19,100
41265,0,100
41266,21,100
41267,22,100
41268,9,100
41270,5,100
41272,12,100
41275,25,100
41276,13,100
41278,4,100
41279,9,100
41282,12,100
41283,18,100
41285,10,100
41286,19,100
41288,9,100
41292,24,100
41293,12,100
41294,6,100
41295,25,100
41296,25,100
41297,11,100
41299,24,100
41301,13,100
41305,8,100
41307,11,100
41308,14,100
41311,11,100
41314,19,100
41315,24,100
41317,8,100
41318,11,100
41322,11,100
41325,11,100
41326,17,100
41327,11,100
41330,11,100
41331,11,100
41332,11,100
41333,24,100
41336,19,100
41338,11,100
41339,10,100
41342,1,100
41344,11,100
41349,11,100
41350,19,100
41351,22,100
41352,11,100
41356,25,100
41358,13,100
41359,24,100
41361,28,100
41362,24,100
41363,13,100
41365,4,100
41367,31,100
41370,8,100
41373,24,100
41374,11,100
41375,13,100
41376,13,100
41377,19,100
41380,13,100
41381,13,100
41385,28,100
41386,1,100
41388,11,100
41389,23,100
41390,11,100
41396,6,100
41398,21,100
41399,28,100
41403,10,100
41404,19,100
41406,31,100
41407,6,100
41408,1,100
41412,24,100
41413,24,100
41414,24,100
41416,31,100
41418,17,100
41419,15,100
41422,14,100
41425,3,100
41426,31,100
41428,3,100
41429,17,100
41431,25,100
41433,22,100
41434,8,100
41436,24,100
41438,20,100
41440,30,100
41441,24,100
41442,21,100
41443,22,100
41447,14,100
41448,19,100
41451,7,100
41454,15,100
41455,8,100
41459,0,100
41460,12,100
41465,1,100
41467,29,100
41468,29,100
41469,29,100
41471,3,100
41473,12,100
41480,0,100
41481,8,100
41483,7,100
41485,22,100
41487,2,100
41488,4,100
41489,10,100
41490,7,100
41491,8,100
41492,12,100
41493,10,100
41496,24,100
41497,6,100
41498,8,100
41500,10,100
41501,8,100
41502,29,100
41506,12,100
41507,29,100
41509,7,100
41510,0,100
41511,7,100
41512,27,100
41513,7,100
41515,22,100
41517,29,100
41518,1,100
41523,2,100
41526,8,100
41527,7,100
41531,10,100
41533,8,100
41535,7,100
41536,18,100
41537,24,100
41540,4,100
41544,29,100
41545,5,100
41546,4,100
41549,1,100
41550,7,100
41551,0,100
41553,7,100
41554,27,100
41557,21,100
41558,14,100
41561,21,100
41562,20,100
41563,4,100
41564,21,100
41567,29,100
41569,8,100
41570,22,100
41578,3,100
41580,3,100
41586,3,100
41587,15,100
41595,4,100
41597,4,100
41600,15,100
41601,20,100
41608,20,100
41611,21,100
41619,15,100
41622,21,100
41624,21,100
41625,25,100
41626,19,100
41629,8,100
41630,29,100
41634,29,100
41635,25,100
41636,0,100
41637,7,100
41638,27,100
41639,10,100
41640,25,100
41641,24,100
41642,0,100
41643,10,100
41647,24,100
41648,29,100
41649,20,100
41650,29,100
41651,1,100
41652,21,100
41653,19,100
41654,27,100
41656,29,100
41659,25,100
41663,27,100
41665,5,100
41667,1,100
41668,24,100
41669,29,100
41671,6,100
41672,20,100
41673,21,100
41674,21,100
41675,29,100
41676,29,100
41677,14,100
41680,12,100
41681,0,100
41683,15,100
41685,28,100
41686,29,100
41687,29,100
41690,14,100
41691,14,100
41692,25,100
41693,6,100
41695,29,100
41696,20,100
41698,4,100
41701,19,100
41707,15,100
41710,20,100
41711,25,100
41714,0,100
41717,28,100
41718,21,100
41719,20,100
41720,20,100
41724,29,100
41725,22,100
41726,2,100
41727,1,100
41728,5,100
41729,12,100
41732,2,100
41734,29,100
41736,9,100
41737,4,100
41738,22,100
41740,22,100
41742,9,100
41744,9,100
41746,12,100
41748,15,100
41749,25,100
41752,9,100
41754,14,100
41756,15,100
41757,22,100
41758,22,100
41759,9,100
41761,9,100
41762,22,100
41763,22,100
41765,31,100
41766,9,100
41768,6,100
41771,12,100
41772,22,100
41774,9,100
41776,10,100
41778,21,100
41780,6,100
41781,28,100
41782,5,100
41788,18,100
41789,29,100
41790,29,100
41791,18,100
41793,18,100
41796,25,100
41797,1,100
41799,29,100
41801,15,100
41802,15,100
41803,25,100
41804,18,100
41805,18,100
41806,15,100
41807,29,100
41809,29,100
41812,29,100
41816,9,100
41818,18,100
41820,9,100
41821,18,100
41822,18,100
41823,9,100
41824,18,100
41825,18,100
41827,9,100
41828,9,100
41829,9,100
41836,9,100
41837,14,100
41838,6,100
41839,19,100
41841,9,100
41843,9,100
41847,2,100
41851,19,100
41852,6,100
41854,4,100
41856,4,100
41857,24,100
41858,29,100
41859,24,100
41861,6,100
41863,28,100
41865,24,100
41867,21,100
41868,14,100
41871,2,100
41872,24,100
41878,8,100
41879,2,100
41880,21,100
41881,6,100
41883,24,100
41884,28,100
41885,28,100
41886,25,100
41888,25,100
41891,6,100
41892,2,100
41894,21,100
41895,21,100
41896,25,100
41899,28,100
41900,26,100
41901,26,100
41902,26,100
41903,28,100
41905,28,100
41906,20,100
41909,24,100
41915,17,100
41917,17,100
41919,17,100
41923,17,100
41924,17,100
41925,17,100
41926,17,100
41928,17,100
41930,17,100
41931,17,100
41933,17,100
41934,17,100
41935,17,100
41937,17,100
41939,17,100
41940,17,100
41943,8,100
41944,17,100
41945,17,100
41947,17,100
41948,17,100
41951,17,100
41952,17,100
41953,17,100
41956,17,100
41957,17,100
41958,17,100
41959,17,100
41960,17,100
41962,24,100
41963,17,100
41966,17,100
41967,17,100
41973,17,100
41974,17,100
41976,31,100
41977,17,100
41980,17,100
41981,1,100
41982,29,100
41985,17,100
41987,17,100
41993,17,100
41995,17,100
41996,17,100
41998,17,100
42003,17,100
42004,22,100
42006,17,100
42009,17,100
42013,6,100
42014,22,100
42015,17,100
42021,17,100
42023,17,100
42024,28,100
42027,17,100
42030,17,100
42031,19,100
42033,17,100
42034,17,100
42035,24,100
42037,17,100
42038,17,100
42041,17,100
42045,17,100
42047,17,100
42049,17,100
42050,17,100
42052,17,100
42053,17,100
42060,22,100
42061,17,100
42062,17,100
42063,17,100
42064,17,100
42066,17,100
42067,17,100
42068,17,100
42069,17,100
42071,17,100
42072,17,100
42074,17,100
42076,17,100
42079,17,100
42081,17,100
42085,17,100
42087,5,100
42090,28,100
42091,14,100
42093,31,100
42094,6,100
42096,19,100
42097,11,100
42098,28,100
42099,14,100
42100,14,100
42102,19,100
42104,24,100
42106,20,100
42109,17,100
42110,17,100
42111,17,100
42114,17,100
42116,24,100
42117,17,100
42118,17,100
42119,28,100
42121,17,100
42122,17,100
42123,17,100
42127,17,100
42128,17,100
42131,17,100
42132,6,100
42133,19,100
42134,31,100
42138,17,100
42140,17,100
42141,17,100
42142,14,100
42143,17,100
42144,17,100
42149,28,100
42151,17,100
42152,17,100
42153,17,100
42155,17,100
42157,17,100
42158,17,100
42159,17,100
42161,17,100
42163,17,100
42165,14,100
42166,24,100
42168,31,100
42170,17,100
42172,6,100
42173,17,100
42175,14,100
42177,19,100
42181,6,100
42182,20,100
42183,17,100
42188,14,100
42189,6,100
42190,5,100
42194,21,100
42195,31,100
42196,19,100
42198,28,100
42199,6,100
42200,29,100
42201,6,100
42206,28,100
42208,25,100
42209,28,100
42210,6,100
42212,31,100
42214,26,100
42218,28,100
42219,17,100
42221,10,100
42223,28,100
42224,17,100
42226,28,100
42227,26,100
42233,28,100
42234,17,100
42236,6,100
42242,6,100
42243,17,100
42246,24,100
42247,17,100
42248,1,100
42250,25,100
42252,11,100
42253,17,100
42254,17,100
42258,17,100
42259,17,100
42260,6,100
42263,24,100
42264,5,100
42266,14,100
42267,28,100
42268,6,100
42270,31,100
42272,28,100
42273,28,100
42274,17,100
42275,6,100
42282,5,100
42283,17,100
42284,17,100
42286,7,100
42288,14,100
42289,24,100
42295,11,100
42298,12,100
42300,8,100
42301,6,100
42302,6,100
42303,14,100
42304,14,100
42305,24,100
42306,21,100
42307,10,100
42308,31,100
42309,6,100
42310,28,100
42312,31,100
42313,24,100
42324,5,100
42326,31,100
42327,6,100
42329,17,100
42332,17,100
42333,17,100
42334,17,100
42336,17,100
42338,17,100
42339,14,100
42343,17,100
42349,17,100
42350,8,100
42352,31,100
42355,28,100
42356,25,100
42357,1,100
42358,24,100
42361,17,100
42363,17,100
42364,17,100
42366,6,100
42370,21,100
42371,17,100
42373,17,100
42374,17,100
42375,17,100
42377,6,100
42378,17,100
42382,17,100
42385,6,100
42387,6,100
42388,24,100
42389,17,100
42390,17,100
42391,19,100
42394,14,100
42396,14,100
42400,2,100
42402,31,100
42403,25,100
42404,14,100
42408,24,100
42409,25,100
42410,28,100
42413,6,100
42414,24,100
42416,20,100
42418,5,100
42419,6,100
42420,6,100
42421,6,100
42426,19,100
42430,24,100
42432,6,100
42433,14,100
42437,14,100
42439,26,100
42441,6,100
42445,24,100
42449,6,100
42451,25,100
42452,6,100
42453,4,100
42454,6,100
42455,25,100
42456,1,100
42457,6,100
42458,28,100
42463,19,100
42465,26,100
42466,6,100
42471,31,100
42472,26,100
42473,26,100
42474,26,100
42475,25,100
42479,14,100
42480,5,100
42482,14,100
42483,14,100
42484,26,100
42486,14,100
42488,24,100
42490,6,100
42492,31,100
42496,26,100
42499,6,100
42504,25,100
42505,24,100
42506,14,100
42507,6,100
42508,6,100
42509,6,100
42511,6,100
42512,6,100
42513,6,100
42515,6,100
42516,6,100
42519,26,100
42522,26,100
42524,14,100
42526,5,100
42527,6,100
42528,6,100
42529,6,100
42532,31,100
42535,28,100
42537,6,100
42538,6,100
42539,19,100
42540,26,100
42544,25,100
42545,14,100
42547,25,100
42550,14,100
42551,5,100
42552,26,100
42554,28,100
42555,31,100
42556,6,100
42558,6,100
42560,25,100
42561,24,100
42562,6,100
42565,19,100
42566,6,100
42567,14,100
42569,31,100
42570,6,100
42571,24,100
42572,14,100
42573,12,100
42574,6,100
42575,26,100
42576,6,100
42577,31,100
42584,28,100
42590,5,100
42592,13,100
42593,6,100
42594,10,100
42601,5,100
42602,17,100
42603,17,100
42606,14,100
42608,24,100
42609,24,100
42610,25,100
42611,6,100
42613,24,100
42615,6,100
42617,26,100
42618,17,100
42619,6,100
42620,24,100
42627,6,100
42630,31,100
42633,26,100
42638,1,100
42641,17,100
42643,31,100
42647,6,100
42648,24,100
42650,14,100
42651,2,100
42654,6,100
42655,6,100
42657,26,100
42659,6,100
42660,17,100
42661,19,100
42663,17,100
42664,6,100
42665,14,100
42669,24,100
42670,31,100
42671,14,100
42672,28,100
42677,26,100
42683,17,100
42684,21,100
42686,31,100
42688,24,100
42689,2,100
42694,5,100
42695,26,100
42696,28,100
42697,1,100
42698,21,100
42699,24,100
42700,25,100
42702,24,100
42703,11,100
42704,25,100
42705,20,100
42708,4,100
42709,31,100
42713,19,100
42714,31,100
42716,28,100
42720,14,100
42724,25,100
42725,24,100
42728,6,100
42729,20,100
42731,28,100
42739,24,100
42740,31,100
42741,6,100
42742,31,100
42744,17,100
42745,14,100
42746,17,100
42751,6,100
42753,6,100
42754,31,100
42755,31,100
42757,25,100
42758,1,100
42761,17,100
42763,26,100
42764,14,100
42765,6,100
42766,28,100
42767,10,100
42768,17,100
42772,10,100
42775,17,100
42776,31,100
42777,17,100
42778,21,100
42780,22,100
42781,24,100
42783,6,100
42784,17,100
42785,14,100
42786,10,100
42787,5,100
42791,5,100
42792,28,100
42795,21,100
42797,6,100
42798,1,100
42799,2,100
42802,6,100
42804,14,100
42806,24,100
42812,2,100
42813,14,100
42815,28,100
42819,14,100
42820,24,100
42824,25,100
42825,1,100
42826,6,100
42830,10,100
42831,20,100
42833,6,100
42834,1,100
42835,21,100
42839,17,100
42841,17,100
42842,17,100
42843,17,100
42847,17,100
42848,22,100
42854,17,100
42855,17,100
42856,17,100
42857,19,100
42858,17,100
42859,17,100
42860,17,100
42862,17,100
42867,17,100
42868,17,100
42869,17,100
42871,17,100
42872,12,100
42877,17,100
42878,17,100
42881,17,100
42883,17,100
42884,17,100
42885,17,100
42887,17,100
42888,17,100
42892,17,100
42893,17,100
42895,17,100
42896,10,100
42897,17,100
42899,17,100
42900,17,100
42901,31,100
42902,21,100
42904,26,100
42906,6,100
42909,10,100
42910,6,100
42911,14,100
42917,24,100
42921,14,100
42927,6,100
42934,17,100
42935,31,100
42937,6,100
42938,17,100
42939,17,100
42943,22,100
42945,17,100
42947,24,100
42948,17,100
42952,6,100
42953,17,100
42954,31,100
42955,17,100
42957,31,100
42958,17,100
42960,24,100
42961,25,100
42962,31,100
42966,31,100
42969,24,100
42972,31,100
42975,17,100
42976,17,100
42978,17,100
42979,14,100
42985,31,100
42989,31,100
42990,14,100
42992,29,100
42993,17,100
42994,17,100
43000,31,100
43002,17,100
43004,17,100
43006,17,100
43008,2,100
43009,24,100
43011,26,100
43012,5,100
43014,25,100
43018,6,100
43020,31,100
43022,31,100
43028,24,100
43029,12,100
43035,6,100
43036,28,100
43040,31,100
43041,6,100
43044,6,100
43045,31,100
43046,26,100
43047,20,100
43049,6,100
43053,20,100
43054,6,100
43055,26,100
43057,6,100
43062,6,100
43063,24,100
43065,6,100
43067,31,100
43068,21,100
43070,26,100
43071,20,100
43072,6,100
43073,31,100
43075,14,100
43076,6,100
43077,6,100
43078,14,100
43079,26,100
43080,5,100
43081,22,100
43083,1,100
43089,31,100
43090,26,100
43091,14,100
43092,31,100
43096,31,100
43099,6,100
43102,6,100
43103,5,100
43104,31,100
43106,31,100
43107,6,100
43110,5,100
43112,26,100
43115,31,100
43119,31,100
43120,31,100
43121,5,100
43122,6,100
43123,12,100
43126,31,100
43131,31,100
43132,4,100
43135,26,100
43136,6,100
43137,6,100
43138,5,100
43139,7,100
43140,28,100
43141,31,100
43142,21,100
43143,6,100
43144,5,100
43149,31,100
43150,26,100
43156,31,100
43157,5,100
43160,22,100
43161,4,100
43164,26,100
43165,6,100
43170,6,100
43171,24,100
43172,26,100
43174,24,100
43177,26,100
43178,22,100
43180,31,100
43181,28,100
43182,6,100
43186,6,100
43187,20,100
43189,20,100
43191,14,100
43192,29,100
43194,24,100
43197,25,100
43198,31,100
43203,22,100
43204,20,100
43206,31,100
43207,14,100
43213,26,100
43214,6,100
43215,19,100
43216,12,100
43217,31,100
43219,25,100
43222,6,100
43227,20,100
43228,24,100
43229,31,100
43230,5,100
43233,24,100
43234,6,100
43236,6,100
43238,21,100
43242,31,100
43243,5,100
43244,24,100
43245,21,100
43247,28,100
43248,22,100
43249,31,100
43253,26,100
43256,31,100
43257,6,100
43259,24,100
43260,21,100
43264,21,100
43265,31,100
43267,19,100
43268,6,100
43269,24,100
43272,3,100
43273,31,100
43274,31,100
43275,21,100
43276,7,100
43277,26,100
43279,31,100
43287,24,100
43288,28,100
43291,14,100
43294,14,100
43295,5,100
43296,22,100
43297,19,100
43300,19,100
43301,22,100
43305,20,100
43312,26,100
43317,6,100
43318,21,100
43320,12,100
43321,6,100
43323,19,100
43325,26,100
43328,6,100
43329,31,100
43330,28,100
43331,31,100
43332,5,100
43339,10,100
43340,26,100
43342,31,100
43343,31,100
43344,7,100
43345,5,100
43349,28,100
43353,7,100
43354,6,100
43357,31,100
43360,14,100
43362,26,100
43363,20,100
43365,28,100
43366,26,100
43368,25,100
43373,31,100
43376,28,100
43377,31,100
43378,28,100
43380,5,100
43383,31,100
43384,22,100
43385,26,100
43387,31,100
43392,31,100
43396,31,100
43398,26,100
43399,31,100
43402,31,100
43404,7,100
43405,14,100
43407,28,100
43409,26,100
43410,26,100
43411,20,100
43412,31,100
43414,31,100
43415,6,100
43416,31,100
43417,31,100
43419,25,100
43421,26,100
43423,31,100
43424,28,100
43425,8,100
43428,12,100
43430,24,100
43431,31,100
43433,6,100
43434,6,100
43435,31,100
43437,31,100
43438,26,100
43440,6,100
43443,28,100
43444,24,100
43446,31,100
43447,28,100
43448,26,100
43449,28,100
43450,31,100
43455,31,100
43456,31,100
43457,31,100
43458,14,100
43466,7,100
43467,28,100
43470,31,100
43471,20,100
43474,31,100
43476,14,100
43478,22,100
43479,20,100
43480,6,100
43482,12,100
43483,31,100
43486,26,100
43487,29,100
43488,2,100
43490,26,100
43493,5,100
43494,5,100
43495,6,100
43497,6,100
43498,10,100
43500,29,100
43502,26,100
43503,14,100
43504,28,100
43505,11,100
43506,14,100
43507,28,100
43508,14,100
43509,14,100
43510,6,100
43512,6,100
43513,25,100
43514,26,100
43515,21,100
43517,6,100
43521,28,100
43522,14,100
43523,31,100
43528,5,100
43529,28,100
43530,26,100
43531,6,100
43533,11,100
43535,14,100
43536,10,100
43537,21,100
43538,6,100
43542,11,100
43544,20,100
43545,30,100
43549,14,100
43550,6,100
43553,14,100
43556,11,100
43557,20,100
43559,6,100
43564,24,100
43565,5,100
43566,5,100
43567,19,100
43568,6,100
43569,11,100
43571,1,100
43572,25,100
43573,6,100
43576,26,100
43577,10,100
43579,6,100
43580,6,100
43581,24,100
43582,28,100
43583,25,100
43586,29,100
43588,14,100
43589,28,100
43590,5,100
43592,14,100
43593,11,100
43595,14,100
43597,5,100
43598,21,100
43599,14,100
43600,31,100
43602,14,100
43603,24,100
43605,21,100
43606,31,100
43607,26,100
43608,5,100
43609,5,100
43613,6,100
43615,5,100
43616,6,100
43620,10,100
43621,26,100
43622,6,100
43624,5,100
43627,24,100
43628,1,100
43632,28,100
43637,11,100
43640,26,100
43641,5,100
43643,6,100
43644,26,100
43649,26,100
43650,6,100
43651,28,100
43652,6,100
43656,6,100
43658,12,100
43659,14,100
43661,31,100
43662,28,100
43666,6,100
43667,20,100
43668,26,100
43669,14,100
43670,20,100
43672,5,100
43673,5,100
43675,6,100
43676,14,100
43679,14,100
43680,24,100
43681,4,100
43682,10,100
43683,25,100
43684,11,100
43685,24,100
43688,14,100
43689,5,100
43690,4,100
43692,10,100
43693,10,100
43694,22,100
43695,6,100
43696,20,100
43697,31,100
43698,1,100
43699,22,100
43700,28,100
43706,26,100
43707,24,100
43708,6,100
43709,14,100
43710,5,100
43711,3,100
43712,5,100
43713,24,100
43716,2,100
43717,14,100
43718,24,100
43719,24,100
43721,14,100
43729,21,100
43731,6,100
43733,6,100
43735,6,100
43737,24,100
43741,6,100
43742,6,100
43745,5,100
43747,28,100
43749,25,100
43750,24,100
43754,1,100
43756,20,100
43759,6,100
43761,25,100
43762,21,100
43765,6,100
43767,14,100
43768,6,100
43771,6,100
43772,6,100
43776,21,100
43777,14,100
43784,29,100
43785,4,100
43786,14,100
43788,29,100
43789,14,100
43792,24,100
43795,24,100
43796,24,100
43797,14,100
43800,13,100
43801,20,100
43802,25,100
43804,13,100
43807,10,100
43810,14,100
43811,20,100
43812,6,100
43814,13,100
43816,29,100
43817,4,100
43818,24,100
43821,4,100
43823,25,100
43824,1,100
43829,27,100
43830,21,100
43833,8,100
43834,25,100
43836,11,100
43837,25,100
43838,19,100
43841,16,100
43842,1,100
43843,28,100
43844,11,100
43845,20,100
43846,10,100
43847,10,100
43849,14,100
43850,3,100
43852,14,100
43853,29,100
43854,14,100
43855,3,100
43857,14,100
43859,6,100
43860,24,100
43862,4,100
43863,10,100
43864,14,100
43865,20,100
43868,11,100
43873,27,100
43875,16,100
43877,19,100
43878,1,100
43882,25,100
43883,0,100
43885,11,100
43891,21,100
43892,11,100
43893,0,100
43895,16,100
43896,29,100
43897,28,100
43900,27,100
43901,4,100
43902,8,100
43904,12,100
43905,22,100
43907,22,100
43912,22,100
43914,21,100
43916,28,100
43917,14,100
43918,0,100
43920,27,100
43922,19,100
43928,31,100
43929,10,100
43931,13,100
43932,12,100
43936,5,100
43940,14,100
43941,29,100
43942,18,100
43943,9,100
43946,14,100
43947,29,100
43948,10,100
43956,1,100
43957,9,100
43958,9,100
43960,9,100
43961,13,100
43963,9,100
43964,9,100
43971,25,100
43972,25,100
43973,9,100
43975,29,100
43976,1,100
43977,1,100
43979,29,100
43980,4,100
43981,7,100
43983,4,100
43984,22,100
43985,20,100
43986,4,100
43987,23,100
43989,10,100
43990,29,100
43991,29,100
43995,17,100
43996,17,100
43999,4,100
44000,29,100
44002,29,100
44004,12,100
44005,13,100
44007,13,100
44008,29,100
44009,29,100
44010,2,100
44011,19,100
44015,17,100
44017,2,100
44018,13,100
44019,13,100
44022,7,100
44024,4,100
44025,17,100
44027,25,100
44030,29,100
44032,25,100
44033,29,100
44034,4,100
44038,0,100
44039,15,100
44043,15,100
44044,17,100
44048,13,100
44050,25,100
44052,13,100
44057,20,100
44058,29,100
44059,4,100
44060,10,100
44061,22,100
44062,4,100
44063,3,100
44065,29,100
44068,13,100
44070,19,100
44071,23,100
44072,18,100
44073,22,100
44074,20,100
44075,23,100
44076,10,100
44080,22,100
44081,4,100
44083,29,100
44090,19,100
44091,1,100
44093,27,100
44094,16,100
44096,4,100
44097,10,100
44098,4,100
44100,29,100
44101,21,100
44102,29,100
44103,29,100
44110,0,100
44113,14,100
44114,22,100
44118,25,100
44122,0,100
44126,16,100
44127,4,100
44128,22,100
44129,29,100
44136,17,100
44141,29,100
44144,20,100
44145,1,100
44147,29,100
44150,10,100
44151,10,100
44152,25,100
44154,0,100
44155,25,100
44157,15,100
44160,24,100
44161,13,100
44163,25,100
44165,20,100
44167,31,100
44168,20,100
44170,13,100
44171,4,100
44172,4,100
44174,10,100
44175,29,100
44178,29,100
44181,19,100
44182,3,100
44184,19,100
44190,4,100
44192,17,100
44193,10,100
44195,13,100
44196,13,100
44197,22,100
44198,4,100
44201,4,100
44202,29,100
44203,12,100
44204,1,100
44206,1,100
44207,29,100
44208,12,100
44210,29,100
44214,10,100
44216,23,100
44218,8,100
44222,7,100
44224,0,100
44226,13,100
44229,3,100
44231,19,100
44232,1,100
44234,22,100
44235,22,100
44236,1,100
44240,29,100
44241,31,100
44242,25,100
44243,29,100
44244,13,100
44245,4,100
44246,4,100
44249,29,100
44251,5,100
44257,16,100
44259,25,100
44260,4,100
44263,7,100
44265,5,100
44266,2,100
44267,24,100
44269,19,100
44270,8,100
44272,21,100
44274,29,100
44276,19,100
44277,0,100
44282,29,100
44283,29,100
44284,29,100
44285,13,100
44286,2,100
44287,14,100
44288,31,100
44290,8,100
44292,4,100
44295,16,100
44298,6,100
44299,10,100
44300,15,100
44301,30,100
44302,20,100
44303,7,100
44304,22,100
44307,10,100
44309,30,100
44313,1,100
44314,0,100
44315,1,100
44316,27,100
44317,16,100
44318,29,100
44319,25,100
44320,24,100
44321,20,100
44323,0,100
44325,27,100
44330,25,100
44334,12,100
44336,26,100
44339,1,100
44340,25,100
44341,25,100
44342,6,100
44343,0,100
44346,15,100
44347,15,100
44351,3,100
44352,25,100
44355,1,100
44359,3,100
44362,0,100
44364,1,100
44365,22,100
44366,12,100
44367,13,100
44368,0,100
44371,18,100
44372,1,100
44373,29,100
44375,0,100
44381,8,100
44382,29,100
44384,22,100
44385,13,100
44393,1,100
44394,2,100
44395,24,100
44398,24,100
44399,22,100
44402,29,100
44403,30,100
44410,1,100
44416,0,100
44417,25,100
44418,3,100
44419,15,100
44421,16,100
44422,25,100
44423,28,100
44424,1,100
44426,1,100
44427,14,100
44428,25,100
44429,6,100
44430,0,100
44432,3,100
44437,1,100
44438,1,100
44441,28,100
44443,20,100
44444,5,100
44446,6,100
44448,4,100
44450,25,100
44451,4,100
44452,11,100
44453,13,100
44454,8,100
44455,24,100
44457,19,100
44459,13,100
44461,11,100
44463,13,100
44465,24,100
44466,18,100
44468,19,100
44473,13,100
44474,11,100
44475,11,100
44476,19,100
44477,4,100
44478,20,100
44479,0,100
44481,23,100
44483,25,100
44485,25,100
44486,14,100
44487,17,100
44490,19,100
44491,27,100
44492,25,100
44495,13,100
44496,13,100
44501,19,100
44503,25,100
44505,19,100
44509,19,100
44513,10,100
44517,11,100
44519,18,100
44520,0,100
44521,19,100
44524,11,100
44526,17,100
44529,19,100
44530,11,100
44532,13,100
44534,19,100
44539,14,100
44540,4,100
44542,8,100
44543,22,100
44545,13,100
44546,11,100
44548,0,100
44551,25,100
44554,1,100
44556,27,100
44559,22,100
44567,4,100
44570,11,100
44571,21,100
44573,22,100
44574,0,100
44575,27,100
44576,28,100
44577,14,100
44578,0,100
44579,27,100
44580,12,100
44581,12,100
44582,19,100
44583,0,100
44584,27,100
44593,7,100
44596,13,100
44598,13,100
44599,13,100
44600,12,100
44603,13,100
44606,13,100
44607,24,100
44609,13,100
44611,1,100
44612,24,100
44613,25,100
44615,8,100
44616,17,100
44618,17,100
44620,17,100
44625,11,100
44626,17,100
44627,17,100
44631,17,100
44633,25,100
44635,15,100
44636,1,100
44637,1,100
44642,15,100
44643,1,100
44644,21,100
44646,21,100
44650,31,100
44652,6,100
44655,21,100
44658,21,100
44660,6,100
44661,8,100
44662,21,100
44663,17,100
44664,17,100
44668,1,100
44669,20,100
44670,22,100
44671,21,100
44672,22,100
44675,6,100
44680,20,100
44681,21,100
44682,24,100
44684,25,100
44685,1,100
44694,6,100
44697,24,100
44698,24,100
44701,28,100
44704,24,100
44705,14,100
44707,24,100
44708,17,100
44709,17,100
44710,11,100
44712,22,100
44715,14,100
44716,25,100
44717,20,100
44718,14,100
44719,25,100
44720,21,100
44723,8,100
44725,5,100
44728,11,100
44730,14,100
44731,1,100
44734,21,100
44736,11,100
44737,24,100
44740,25,100
44742,25,100
44743,2,100
44744,18,100
44745,14,100
44746,13,100
44748,24,100
44749,13,100
44750,19,100
44751,24,100
44754,24,100
44756,26,100
44759,28,100
44761,7,100
44762,25,100
44768,1,100
44773,19,100
44774,24,100
44778,24,100
44779,17,100
44780,7,100
44781,29,100
44784,3,100
44792,1,100
44794,1,100
44795,1,100
44796,0,100
44797,19,100
44799,27,100
44800,17,100
44801,16,100
44803,1,100
44804,17,100
44805,11,100
44806,19,100
44818,20,100
44820,6,100
44822,21,100
44823,21,100
44824,12,100
44826,8,100
44829,13,100
44832,11,100
44833,28,100
44834,7,100
44836,24,100
44841,24,100
44842,24,100
44847,25,100
44848,1,100
44849,24,100
44850,28,100
44853,15,100
44855,1,100
44856,14,100
44860,21,100
44868,15,100
44872,14,100
44873,0,100
44875,15,100
44877,31,100
44878,19,100
44879,11,100
44880,19,100
44882,16,100
44883,29,100
44886,24,100
44887,24,100
44888,14,100
44889,5,100
44892,28,100
44896,15,100
44897,14,100
44901,14,100
44902,6,100
44903,21,100
44904,24,100
44907,6,100
44908,13,100
44909,14,100
44911,10,100
44913,13,100
44914,1,100
44915,24,100
44916,31,100
44918,1,100
44922,14,100
44923,14,100
44924,24,100
44925,25,100
44926,7,100
44928,11,100
44930,6,100
44931,6,100
44932,19,100
44937,14,100
44943,25,100
44947,1,100
44951,24,100
44952,1,100
44953,11,100
44958,25,100
44960,12,100
44961,20,100
44964,25,100
44966,14,100
44967,6,100
44969,1,100
44970,1,100
44971,20,100
44972,1,100
44973,14,100
44975,1,100
44977,13,100
44979,14,100
44981,11,100
44982,11,100
44984,14,100
44986,21,100
44987,1,100
44988,10,100
44991,25,100
44992,13,100
44993,2,100
44994,11,100
44996,11,100
44998,22,100
45001,6,100
45003,28,100
45005,10,100
45007,1,100
45008,7,100
45009,17,100
45011,31,100
45012,19,100
45014,27,100
45016,14,100
45019,16,100
45025,24,100
45027,3,100
45029,20,100
45030,26,100
45034,24,100
45035,1,100
45036,2,100
45043,29,100
45044,14,100
45045,1,100
45049,25,100
45050,24,100
45051,11,100
45055,25,100
45059,25,100
45062,24,100
45063,11,100
45067,1,100
45068,5,100
45069,6,100
45070,19,100
45071,13,100
45072,1,100
45074,17,100
45075,1,100
45077,11,100
45079,1,100
45080,13,100
45082,1,100
45083,7,100
45086,10,100
45087,19,100
45088,0,100
45089,19,100
45090,22,100
45092,16,100
45093,28,100
45094,25,100
45103,11,100
45105,12,100
45107,14,100
45112,4,100
45115,22,100
45118,1,100
45119,14,100
45120,22,100
45121,24,100
45122,24,100
45123,17,100
45125,28,100
45126,11,100
45128,29,100
45130,13,100
45131,13,100
45135,22,100
45136,6,100
45137,1,100
45138,11,100
45139,4,100
45140,2,100
45141,3,100
45142,24,100
45143,6,100
45144,11,100
45145,4,100
45146,20,100
45148,24,100
45150,10,100
45151,11,100
45152,21,100
45155,6,100
45157,14,100
45158,14,100
45159,19,100
45164,3,100
45165,7,100
45170,1,100
45171,3,100
45172,24,100
45173,25,100
45180,13,100
45182,24,100
45183,24,100
45184,14,100
45185,13,100
45188,14,100
45189,10,100
45191,6,100
45193,13,100
45194,13,100
45195,24,100
45196,19,100
45198,25,100
45199,1,100
45202,1,100
45204,19,100
45208,1,100
45218,10,100
45219,15,100
45220,24,100
45222,20,100
45223,31,100
45224,10,100
45225,17,100
45228,17,100
45230,5,100
45233,20,100
45234,28,100
45239,29,100
45243,0,100
45244,19,100
45247,27,100
45249,11,100
45250,19,100
45251,19,100
45255,19,100
45257,19,100
45259,5,100
45263,21,100
45265,26,100
45271,25,100
45273,17,100
45274,22,100
45277,10,100
45280,23,100
45282,0,100
45285,11,100
45287,1,100
45288,17,100
45290,23,100
45293,25,100
45295,24,100
45296,17,100
45297,0,100
45300,27,100
45308,25,100
45315,10,100
45319,27,100
45322,11,100
45324,25,100
45325,8,100
45326,25,100
45327,26,100
45328,24,100
45334,2,100
45336,11,100
45338,10,100
45340,13,100
45341,25,100
45342,8,100
45343,13,100
45345,23,100
45346,22,100
45351,27,100
45352,11,100
45353,16,100
45354,24,100
45356,28,100
45357,6,100
45358,8,100
45361,20,100
45362,29,100
45363,25,100
45365,14,100
45367,17,100
45368,0,100
45372,11,100
45376,14,100
45377,24,100
45381,8,100
45383,10,100
45385,11,100
45387,8,100
45390,22,100
45391,27,100
45392,16,100
45393,11,100
45395,22,100
45396,25,100
45398,24,100
45399,20,100
45400,1,100
45401,29,100
45402,7,100
45403,22,100
45404,1,100
45405,14,100
45407,17,100
45408,23,100
45410,23,100
45412,20,100
45415,22,100
45416,17,100
45418,17,100
45421,0,100
45422,19,100
45425,16,100
45426,11,100
45427,17,100
45429,8,100
45430,10,100
45432,20,100
45433,28,100
45437,0,100
45438,8,100
45442,13,100
45444,23,100
45446,27,100
45448,16,100
45449,8,100
45450,13,100
45451,15,100
45453,19,100
45454,5,100
45455,26,100
45458,22,100
45459,13,100
45460,28,100
45462,20,100
45465,21,100
45466,11,100
45467,14,100
45469,8,100
45470,16,100
45472,28,100
45476,1,100
45478,26,100
45479,5,100
45481,6,100
45484,8,100
45488,5,100
45490,5,100
45491,5,100
45492,5,100
45494,21,100
45495,5,100
45496,13,100
45497,3,100
45498,20,100
45501,22,100
45502,13,100
45504,13,100
45505,24,100
45506,13,100
45508,8,100
45509,26,100
45512,22,100
45514,29,100
45515,14,100
45516,29,100
45518,8,100
45519,19,100
45521,20,100
45522,28,100
45523,21,100
45524,28,100
45526,30,100
45527,1,100
45529,24,100
45531,8,100
45533,20,100
45535,23,100
45544,0,100
45545,13,100
45546,24,100
45547,24,100
45548,16,100
45549,11,100
45550,25,100
45551,22,100
45552,18,100
45553,14,100
45554,13,100
45556,1,100
45557,20,100
45559,28,100
45560,20,100
45561,24,100
45566,26,100
45568,30,100
45571,8,100
45572,13,100
45574,7,100
45575,1,100
45576,1,100
45578,18,100
45579,20,100
45582,1,100
45584,1,100
45586,18,100
45590,18,100
45593,22,100
45595,22,100
45599,0,100
45601,27,100
45605,8,100
45609,12,100
45611,18,100
45613,18,100
45614,1,100
45616,31,100
45617,27,100
45620,8,100
45621,12,100
45622,6,100
45623,12,100
45624,25,100
45625,12,100
45626,0,100
45627,15,100
45629,13,100
45632,15,100
45633,20,100
45634,22,100
45637,12,100
45639,15,100
45644,29,100
45645,1,100
45646,20,100
45651,14,100
45655,22,100
45656,22,100
45657,22,100
45658,8,100
45659,9,100
45660,15,100
45661,22,100
45662,28,100
45663,9,100
45664,28,100
45665,22,100
45666,21,100
45668,25,100
45672,0,100
45673,11,100
45674,8,100
45675,13,100
45677,22,100
45681,6,100
45683,0,100
45685,25,100
45686,0,100
45688,0,100
45691,18,100
45694,22,100
45695,1,100
45696,13,100
45697,13,100
45698,13,100
45699,22,100
45700,13,100
45701,23,100
45703,22,100
45705,18,100
45709,18,100
45710,20,100
45711,18,100
45713,28,100
45715,18,100
45716,8,100
45718,22,100
45719,18,100
45720,18,100
45722,25,100
45723,22,100
45725,11,100
45726,13,100
45727,9,100
45729,18,100
45731,18,100
45732,18,100
45735,22,100
45737,9,100
45739,9,100
45743,18,100
45744,18,100
45745,12,100
45746,15,100
45748,18,100
45749,18,100
45751,14,100
45753,31,100
45755,12,100
45756,22,100
45757,5,100
45762,31,100
45766,28,100
45767,31,100
45768,31,100
45769,31,100
45770,20,100
45774,25,100
45776,9,100
45780,21,100
45781,21,100
45782,21,100
45786,19,100
45787,24,100
45789,15,100
45790,15,100
45792,9,100
45794,21,100
45795,28,100
45796,15,100
45801,20,100
45803,13,100
45804,22,100
45806,9,100
45808,13,100
45811,19,100
45815,14,100
45816,15,100
45818,14,100
45822,25,100
45824,6,100
45825,23,100
45826,11,100
45827,24,100
45828,21,100
45829,7,100
45830,5,100
45835,1,100
45837,21,100
45839,6,100
45840,20,100
45841,22,100
45842,22,100
45843,22,100
45844,26,100
45845,6,100
45847,12,100
45850,12,100
45851,28,100
45855,26,100
45857,28,100
45859,28,100
45860,22,100
45861,6,100
45862,21,100
45864,6,100
45866,20,100
45867,22,100
45868,22,100
45872,28,100
45873,8,100
45877,19,100
45879,20,100
45880,6,100
45881,6,100
45882,14,100
45884,26,100
45885,14,100
45887,12,100
45888,2,100
45889,20,100
45892,20,100
45894,2,100
45895,28,100
45898,31,100
45899,24,100
45901,14,100
45903,23,100
45907,31,100
45912,31,100
45914,31,100
45916,28,100
45917,5,100
45918,26,100
45919,21,100
45920,21,100
45921,20,100
45922,6,100
45925,14,100
45926,6,100
45930,1,100
45931,21,100
45934,22,100
45935,25,100
45936,31,100
45941,14,100
45943,21,100
45944,28,100
45945,22,100
45947,5,100
45948,6,100
45949,6,100
45951,28,100
45956,6,100
45960,21,100
45962,26,100
45966,24,100
45978,28,100
45979,1,100
45980,28,100
45981,6,100
45983,20,100
45988,15,100
45989,26,100
45990,4,100
45992,24,100
45993,1,100
45994,20,100
45996,20,100
45997,22,100
45998,6,100
46001,19,100
46004,31,100
46005,6,100
46011,25,100
46016,26,100
46018,25,100
46019,21,100
46020,20,100
46024,6,100
46027,31,100
46028,6,100
46029,14,100
46031,22,100
46033,26,100
46034,6,100
46035,31,100
46036,22,100
46038,6,100
46039,25,100
46042,6,100
46044,25,100
46046,6,100
46047,12,100
46048,6,100
46050,20,100
46054,31,100
46055,28,100
46056,20,100
46058,31,100
46061,4,100
46063,20,100
46065,24,100
46066,14,100
46067,20,100
46068,24,100
46071,19,100
46074,6,100
46076,28,100
46077,28,100
46078,14,100
46079,26,100
46080,6,100
46082,14,100
46085,6,100
46087,6,100
46088,28,100
46089,28,100
46090,28,100
46091,24,100
46093,14,100
46100,5,100
46107,26,100
46108,4,100
46112,12,100
46114,22,100
46119,14,100
46120,28,100
46122,21,100
46124,25,100
46128,20,100
46130,26,100
46131,6,100
46133,14,100
46134,28,100
46135,6,100
46137,26,100
46139,31,100
46140,28,100
46141,20,100
46143,6,100
46145,6,100
46148,25,100
46150,14,100
46152,25,100
46153,6,100
46155,20,100
46159,13,100
46160,31,100
46161,20,100
46164,12,100
46168,22,100
46170,24,100
46171,6,100
46173,24,100
46177,24,100
46179,28,100
46180,26,100
46181,20,100
46183,6,100
46186,14,100
46188,14,100
46189,14,100
46191,28,100
46194,6,100
46195,21,100
46196,14,100
46198,6,100
46199,24,100
46201,6,100
46203,24,100
46206,6,100
46208,26,100
46210,1,100
46217,22,100
46222,6,100
46224,6,100
46226,25,100
46227,6,100
46230,6,100
46234,14,100
46236,28,100
46237,6,100
46239,26,100
46241,21,100
46242,6,100
46243,6,100
46244,28,100
46245,21,100
46247,20,100
46249,1,100
46251,21,100
46253,28,100
46256,5,100
46258,6,100
46259,24,100
46262,6,100
46263,21,100
46267,21,100
46268,24,100
46269,28,100
46272,1,100
46273,5,100
46274,20,100
46276,20,100
46277,26,100
46279,22,100
46282,24,100
46286,20,100
46288,24,100
46290,6,100
46291,5,100
46292,28,100
46294,28,100
46296,26,100
46297,6,100
46298,6,100
46299,1,100
46302,6,100
46307,14,100
46310,31,100
46311,20,100
46317,6,100
46319,31,100
46320,25,100
46322,29,100
46324,12,100
46325,24,100
46327,5,100
46328,6,100
46329,21,100
46331,20,100
46333,5,100
46338,22,100
46341,22,100
46342,28,100
46344,6,100
46345,6,100
46347,26,100
46348,26,100
46351,6,100
46352,26,100
46353,6,100
46354,6,100
46355,24,100
46358,5,100
46361,20,100
46362,24,100
46363,24,100
46364,31,100
46366,28,100
46367,21,100
46368,1,100
46370,26,100
46372,31,100
46373,26,100
46374,6,100
46375,6,100
46376,24,100
46377,14,100
46379,26,100
46383,20,100
46385,25,100
46386,6,100
46387,31,100
46391,14,100
46392,26,100
46394,21,100
46395,26,100
46398,21,100
46399,14,100
46401,6,100
46405,1,100
46406,14,100
46407,28,100
46409,20,100
46410,24,100
46411,25,100
46417,6,100
46419,6,100
46420,6,100
46421,14,100
46422,26,100
46423,6,100
46424,1,100
46425,20,100
46426,31,100
46428,6,100
46430,26,100
46432,14,100
46436,26,100
46437,20,100
46438,14,100
46439,24,100
46440,14,100
46441,26,100
46443,26,100
46444,6,100
46445,20,100
46446,20,100
46447,24,100
46448,6,100
46449,26,100
46450,6,100
46452,10,100
46453,26,100
46455,20,100
46457,19,100
46459,25,100
46460,5,100
46462,26,100
46463,6,100
46464,26,100
46466,6,100
46467,6,100
46469,6,100
46470,6,100
46472,6,100
46481,6,100
46482,1,100
46483,20,100
46484,25,100
46485,24,100
46487,31,100
46488,28,100
46494,31,100
46495,25,100
46496,25,100
46499,28,100
46502,5,100
46504,6,100
46506,6,100
46507,7,100
46510,21,100
46512,6,100
46513,28,100
46516,6,100
46518,6,100
46519,6,100
46520,6,100
46521,6,100
46527,6,100
46528,20,100
46532,25,100
46535,20,100
46541,5,100
46544,20,100
46547,14,100
46549,19,100
46550,4,100
46551,20,100
46552,31,100
46554,6,100
46555,21,100
46561,14,100
46563,5,100
46564,26,100
46565,22,100
46570,19,100
46572,6,100
46575,6,100
46577,20,100
46581,5,100
46582,22,100
46583,28,100
46585,6,100
46587,29,100
46590,31,100
46591,10,100
46592,6,100
46593,14,100
46594,14,100
46595,26,100
46596,14,100
46597,6,100
46598,24,100
46601,28,100
46602,6,100
46603,6,100
46604,20,100
46605,25,100
46608,6,100
46609,21,100
46613,28,100
46614,28,100
46615,6,100
46616,20,100
46625,28,100
46626,26,100
46631,28,100
46633,10,100
46634,14,100
46639,28,100
46640,6,100
46641,6,100
46643,31,100
46644,26,100
46645,28,100
46651,1,100
46654,6,100
46655,25,100
46656,22,100
46657,20,100
46658,21,100
46661,1,100
46663,6,100
46667,4,100
46670,6,100
46671,19,100
46672,6,100
46673,20,100
46674,22,100
46677,6,100
46679,25,100
46680,26,100
46681,14,100
46682,6,100
46683,20,100
46685,6,100
46688,28,100
46689,31,100
46692,12,100
46693,28,100
46695,21,100
46699,5,100
46701,14,100
46703,19,100
46704,6,100
46706,6,100
46708,2,100
46709,24,100
46711,20,100
46712,26,100
46713,24,100
46714,6,100
46719,31,100
46722,20,100
46723,10,100
46724,31,100
46725,28,100
46726,14,100
46727,31,100
46730,21,100
46731,28,100
46734,6,100
46736,28,100
46740,24,100
46742,20,100
46743,5,100
46744,6,100
46747,6,100
46748,28,100
46749,6,100
46752,6,100
46755,6,100
46756,1,100
46757,20,100
46758,21,100
46759,14,100
46763,24,100
46768,21,100
46769,24,100
46770,6,100
46771,6,100
46773,21,100
46776,6,100
46777,6,100
46780,28,100
46781,20,100
46784,10,100
46786,20,100
46788,28,100
46789,12,100
46790,20,100
46792,21,100
46793,21,100
46795,19,100
46796,19,100
46800,6,100
46802,31,100
46805,20,100
46807,6,100
46808,6,100
46810,6,100
46812,26,100
46817,14,100
46818,6,100
46820,21,100
46822,7,100
46824,31,100
46829,14,100
46832,6,100
46833,5,100
46834,31,100
46836,28,100
46837,19,100
46838,31,100
46842,5,100
46844,26,100
46847,28,100
46848,14,100
46849,20,100
46852,5,100
46855,22,100
46856,6,100
46858,6,100
46859,1,100
46860,28,100
46863,28,100
46864,12,100
46866,6,100
46867,19,100
46868,19,100
46869,20,100
46872,6,100
46878,14,100
46879,28,100
46882,21,100
46884,14,100
46885,22,100
46886,24,100
46890,21,100
46892,19,100
46895,14,100
46896,14,100
46897,20,100
46899,26,100
46906,20,100
46907,21,100
46909,21,100
46911,19,100
46912,6,100
46914,5,100
46916,6,100
46918,1,100
46919,21,100
46920,6,100
46928,19,100
46929,6,100
46932,24,100
46933,24,100
46934,31,100
46937,28,100
46938,6,100
46941,5,100
46942,5,100
46943,5,100
46946,28,100
46948,28,100
46949,5,100
46951,28,100
46953,28,100
46955,6,100
46956,6,100
46957,20,100
46961,19,100
46967,31,100
46968,31,100
46974,31,100
46977,14,100
46979,28,100
46980,24,100
46981,3,100
46983,13,100
46985,18,100
46987,6,100
46990,22,100
46991,19,100
46992,24,100
46995,13,100
47000,25,100
47001,21,100
47004,25,100
47005,1,100
47007,12,100
47008,20,100
47009,12,100
47010,29,100
47012,5,100
47015,6,100
47016,1,100
47017,24,100
47019,6,100
47021,21,100
47023,1,100
47026,22,100
47028,14,100
47029,21,100
47030,6,100
47033,2,100
47034,6,100
47035,6,100
47036,14,100
47039,1,100
47040,17,100
47041,6,100
47044,1,100
47045,6,100
47047,28,100
47048,20,100
47051,7,100
47053,20,100
47056,27,100
47063,6,100
47065,19,100
47067,10,100
47069,29,100
47070,1,100
47071,6,100
47072,21,100
47073,10,100
47074,10,100
47075,10,100
47077,24,100
47079,0,100
47081,27,100
47082,14,100
47086,14,100
47087,28,100
47088,1,100
47089,25,100
47090,18,100
47097,25,100
47099,17,100
47100,29,100
47103,0,100
47104,20,100
47107,10,100
47108,24,100
47110,29,100
47115,10,100
47120,8,100
47123,17,100
47125,17,100
47127,0,100
47129,19,100
47132,17,100
47134,19,100
47137,20,100
47138,26,100
47139,10,100
47140,22,100
47142,29,100
47144,0,100
47146,1,100
47148,29,100
47149,13,100
47151,0,100
47152,19,100
47154,5,100
47158,19,100
47161,5,100
47162,13,100
47164,1,100
47166,14,100
47167,1,100
47168,12,100
47169,25,100
47170,6,100
47172,14,100
47173,21,100
47174,21,100
47175,6,100
47179,0,100
47180,15,100
47190,10,100
47194,28,100
47200,18,100
47203,0,100
47205,25,100
47209,22,100
47211,18,100
47212,12,100
47214,8,100
47215,18,100
47216,25,100
47217,8,100
47220,19,100
47222,12,100
47225,1,100
47226,18,100
47228,12,100
47230,12,100
47231,22,100
47233,14,100
47235,14,100
47237,24,100
47239,24,100
47240,11,100
47245,24,100
47247,12,100
47250,24,100
47251,13,100
47253,29,100
47255,12,100
47256,24,100
47257,14,100
47260,4,100
47261,1,100
47262,1,100
47263,25,100
47265,13,100
47267,29,100
47268,29,100
47269,4,100
47270,18,100
47272,1,100
47273,1,100
47274,19,100
47281,7,100
47282,12,100
47286,12,100
47288,12,100
47290,1,100
47293,2,100
47294,22,100
47296,12,100
47297,5,100
47298,1,100
47300,2,100
47302,2,100
47306,25,100
47309,18,100
47311,21,100
47314,23,100
47317,13,100
47319,2,100
47320,27,100
47321,13,100
47325,18,100
47326,14,100
47327,29,100
47328,12,100
47329,27,100
47330,29,100
47332,29,100
47334,27,100
47335,22,100
47337,22,100
47338,14,100
47339,29,100
47344,22,100
47347,27,100
47348,24,100
47349,7,100
47352,29,100
47353,24,100
47357,29,100
47360,4,100
47363,25,100
47364,4,100
47370,6,100
47371,12,100
47372,5,100
47380,29,100
47382,27,100
47384,5,100
47386,4,100
47388,25,100
47389,7,100
47390,10,100
47392,19,100
47393,31,100
47394,5,100
47395,2,100
47398,29,100
47399,1,100
47400,19,100
47409,27,100
47410,9,100
47412,9,100
47413,9,100
47416,20,100
47420,14,100
47421,27,100
47422,1,100
47426,22,100
47432,29,100
47433,25,100
47434,15,100
47435,29,100
47436,10,100
47437,13,100
47438,13,100
47439,29,100
47441,4,100
47444,25,100
47446,10,100
47447,1,100
47448,17,100
47449,0,100
47450,27,100
47451,10,100
47453,1,100
47454,31,100
47461,31,100
47463,7,100
47464,10,100
47465,4,100
47466,4,100
47467,25,100
47468,3,100
47469,29,100
47472,29,100
47473,29,100
47474,29,100
47476,5,100
47477,29,100
47478,29,100
47480,22,100
47483,3,100
47485,24,100
47486,1,100
47489,24,100
47490,27,100
47492,10,100
47493,5,100
47494,7,100
47495,1,100
47499,31,100
47500,29,100
47502,19,100
47503,2,100
47504,10,100
47505,19,100
47506,2,100
47509,24,100
47513,4,100
47514,4,100
47519,29,100
47520,4,100
47521,0,100
47522,16,100
47525,10,100
47527,19,100
47528,24,100
47529,4,100
47530,4,100
47532,1,100
47533,29,100
47534,4,100
47535,7,100
47537,19,100
47539,22,100
47541,0,100
47542,27,100
47546,0,100
47548,29,100
47549,30,100
47551,19,100
47552,15,100
47555,27,100
47557,12,100
47558,12,100
47559,25,100
47563,22,100
47564,12,100
47567,27,100
47568,20,100
47569,10,100
47570,29,100
47571,12,100
47572,4,100
47575,25,100
47579,4,100
47581,19,100
47583,27,100
47584,1,100
47585,5,100
47586,2,100
47587,14,100
47590,22,100
47593,22,100
47596,8,100
47597,18,100
47600,31,100
47603,14,100
47607,21,100
47608,8,100
47610,13,100
47613,20,100
47615,22,100
47616,8,100
47617,3,100
47618,17,100
47619,17,100
47621,17,100
47623,26,100
47625,8,100
47626,22,100
47627,25,100
47629,3,100
47630,17,100
47633,17,100
47635,8,100
47637,8,100
47639,14,100
47640,4,100
47641,8,100
47642,11,100
47643,21,100
47644,26,100
47647,20,100
47648,0,100
47649,27,100
47651,4,100
47654,20,100
47658,1,100
47661,4,100
47666,24,100
47667,24,100
47669,13,100
47676,6,100
47677,22,100
47680,14,100
47681,27,100
47682,13,100
47685,14,100
47690,11,100
47692,7,100
47693,13,100
47694,23,100
47695,8,100
47696,20,100
47699,25,100
47702,5,100
47704,6,100
47705,21,100
47706,10,100
47712,28,100
47714,22,100
47715,5,100
47716,26,100
47718,4,100
47720,28,100
47721,25,100
47722,8,100
47723,10,100
47725,6,100
47727,28,100
47729,21,100
47730,1,100
47732,0,100
47735,8,100
47737,31,100
47739,14,100
47741,28,100
47742,14,100
47744,1,100
47745,1,100
47748,6,100
47749,7,100
47750,6,100
47751,19,100
47752,10,100
47755,28,100
47757,11,100
47758,14,100
47759,16,100
47760,14,100
47762,8,100
47763,2,100
47765,28,100
47768,12,100
47772,5,100
47776,12,100
47778,10,100
47781,5,100
47783,13,100
47784,10,100
47789,28,100
47790,11,100
47793,10,100
47794,19,100
47795,12,100
47799,7,100
47804,25,100
47805,26,100
47806,6,100
47807,20,100
47808,14,100
47809,0,100
47810,25,100
47811,7,100
47814,16,100
47816,20,100
47817,14,100
47822,19,100
47823,19,100
47824,11,100
47825,5,100
47827,4,100
47828,25,100
47831,20,100
47835,19,100
47839,19,100
47840,19,100
47841,19,100
47843,19,100
47844,19,100
47845,19,100
47846,19,100
47847,19,100
47849,22,100
47853,13,100
47854,5,100
47856,29,100
47858,4,100
47860,6,100
47866,24,100
47868,22,100
47869,11,100
47870,15,100
47874,19,100
47875,29,100
47876,27,100
47880,3,100
47884,25,100
47885,25,100
47886,6,100
47887,25,100
47888,15,100
47889,20,100
47891,24,100
47892,1,100
47895,31,100
47896,14,100
47899,10,100
47900,6,100
47901,13,100
47902,10,100
47906,25,100
47909,3,100
47912,11,100
47913,27,100
47916,0,100
47919,28,100
47920,0,100
47925,15,100
47927,22,100
47932,28,100
47933,1,100
47935,24,100
47936,8,100
47938,14,100
47939,26,100
47942,10,100
47943,25,100
47944,15,100
47946,10,100
47948,15,100
47949,10,100
47955,24,100
47956,15,100
47957,21,100
47959,25,100
47961,12,100
47962,22,100
47966,0,100
47967,11,100
47970,27,100
47973,25,100
47977,15,100
47978,15,100
47979,21,100
47980,22,100
47983,25,100
47985,15,100
47987,3,100
47988,31,100
47990,22,100
47991,3,100
47992,31,100
47996,22,100
47998,8,100
48000,18,100
48004,14,100
48006,15,100
48007,31,100
48010,8,100
48011,15,100
48012,15,100
48013,28,100
48015,21,100
48018,20,100
48019,10,100
48021,3,100
48023,0,100
48026,18,100
48027,29,100
48031,7,100
48035,25,100
48036,3,100
48038,0,100
48041,8,100
48042,18,100
48044,25,100
48045,15,100
48046,8,100
48050,6,100
48052,15,100
48053,18,100
48054,14,100
48057,19,100
48059,0,100
48060,5,100
48062,24,100
48064,15,100
48065,10,100
48066,24,100
48072,13,100
48074,0,100
48076,18,100
48078,12,100
48079,9,100
48080,19,100
48082,0,100
48084,26,100
48085,18,100
48089,5,100
48090,26,100
48092,31,100
48096,25,100
48102,14,100
48103,15,100
48107,18,100
48108,19,100
48111,5,100
48116,18,100
48117,18,100
48118,12,100
48124,6,100
48125,6,100
48126,15,100
48129,31,100
48130,24,100
48131,24,100
48132,21,100
48138,19,100
48140,19,100
48141,24,100
48142,14,100
48143,31,100
48146,25,100
48147,1,100
48150,8,100
48151,29,100
48152,15,100
48153,25,100
48154,31,100
48156,12,100
48158,9,100
48159,9,100
48160,9,100
48161,20,100
48163,9,100
48165,25,100
48168,25,100
48170,31,100
48172,6,100
48173,6,100
48174,21,100
48178,28,100
48182,12,100
48184,12,100
48185,13,100
48186,31,100
48189,25,100
48191,19,100
48199,12,100
48201,1,100
48202,1,100
48204,22,100
48205,13,100
48206,22,100
48207,20,100
48209,18,100
48211,4,100
48212,18,100
48213,22,100
48214,31,100
48218,1,100
48219,12,100
48220,26,100
48221,25,100
48222,31,100
48223,31,100
48224,28,100
48227,8,100
48233,1,100
48236,25,100
48237,25,100
48238,20,100
48240,31,100
48243,5,100
48246,21,100
48247,31,100
48249,24,100
48251,29,100
48252,31,100
48253,22,100
48254,30,100
48255,29,100
48256,6,100
48257,0,100
48259,22,100
48261,21,100
48262,22,100
48264,5,100
48265,25,100
48267,18,100
48269,25,100
48271,28,100
48272,28,100
48273,14,100
48274,6,100
48278,20,100
48283,25,100
48286,29,100
48288,6,100
48289,26,100
48292,28,100
48293,14,100
48297,1,100
48299,6,100
48300,5,100
48301,8,100
48304,6,100
48305,12,100
48306,22,100
48307,14,100
48309,12,100
48310,31,100
48313,31,100
48314,25,100
48315,25,100
48317,30,100
48318,24,100
48319,21,100
48321,24,100
48323,8,100
48325,5,100
48327,4,100
48331,13,100
48332,28,100
48333,18,100
48334,6,100
48335,6,100
48336,1,100
48341,21,100
48342,25,100
48344,9,100
48345,10,100
48346,18,100
48349,25,100
48357,21,100
48358,12,100
48361,14,100
48363,25,100
48366,28,100
48369,26,100
48370,18,100
48371,18,100
48374,8,100
48375,6,100
48376,31,100
48377,31,100
48379,13,100
48382,6,100
48383,13,100
48386,15,100
48387,12,100
48388,6,100
48389,21,100
48391,24,100
48395,6,100
48396,12,100
48399,5,100
48400,31,100
48401,13,100
48403,31,100
48405,4,100
48407,13,100
48410,31,100
48411,24,100
48412,20,100
48413,19,100
48414,25,100
48418,6,100
48420,24,100
48421,1,100
48422,31,100
48427,6,100
48430,13,100
48433,17,100
48434,17,100
48439,25,100
48441,17,100
48448,17,100
48449,17,100
48451,4,100
48452,7,100
48453,24,100
48457,17,100
48459,24,100
48462,27,100
48463,6,100
48464,25,100
48466,6,100
48471,29,100
48472,4,100
48475,28,100
48476,11,100
48480,20,100
48482,28,100
48483,6,100
48485,10,100
48488,5,100
48489,6,100
48490,27,100
48492,28,100
48493,11,100
48494,2,100
48495,7,100
48496,2,100
48497,27,100
48498,6,100
48499,2,100
48501,25,100
48502,26,100
48507,7,100
48508,14,100
48509,6,100
48510,23,100
48513,17,100
48518,23,100
48523,7,100
48527,1,100
48528,22,100
48529,14,100
48530,25,100
48535,21,100
48539,14,100
48540,14,100
48541,14,100
48546,12,100
48549,20,100
48550,6,100
48551,25,100
48552,25,100
48553,11,100
48557,12,100
48558,10,100
48567,27,100
48568,4,100
48571,27,100
48574,6,100
48576,20,100
48578,27,100
48579,29,100
48580,22,100
48583,20,100
48584,19,100
48587,9,100
48589,19,100
48590,19,100
48592,13,100
48593,13,100
48594,13,100
48595,24,100
48596,13,100
48598,13,100
48600,13,100
48602,24,100
48607,4,100
48608,24,100
48609,19,100
48611,17,100
48612,17,100
48614,29,100
48615,31,100
48618,13,100
48619,10,100
48620,17,100
48622,28,100
48626,21,100
48627,31,100
48631,29,100
48633,0,100
48635,27,100
48636,13,100
48641,17,100
48642,28,100
48644,24,100
48645,25,100
48649,1,100
48650,25,100
48653,29,100
48654,17,100
48655,19,100
48656,17,100
48658,0,100
48660,22,100
48661,0,100
48662,27,100
48663,18,100
48666,27,100
48668,0,100
48670,0,100
48672,0,100
48674,25,100
48676,27,100
48677,0,100
48678,25,100
48680,0,100
48681,2,100
48682,25,100
48683,27,100
48684,0,100
48687,28,100
48690,27,100
48693,9,100
48694,25,100
48696,19,100
48699,18,100
48701,13,100
48705,13,100
48706,13,100
48711,13,100
48712,13,100
48714,19,100
48715,25,100
48717,12,100
48722,17,100
48724,17,100
48725,17,100
48726,17,100
48727,17,100
48728,22,100
48729,17,100
48732,6,100
48736,6,100
48740,6,100
48746,26,100
48749,5,100
48751,22,100
48757,19,100
48759,6,100
48763,6,100
48764,6,100
48767,18,100
48768,5,100
48769,21,100
48772,2,100
48774,14,100
48778,24,100
48779,7,100
48782,1,100
48783,6,100
48790,24,100
48794,28,100
48796,25,100
48798,8,100
48800,4,100
48801,13,100
48802,13,100
48804,13,100
48808,13,100
48810,13,100
48811,11,100
48813,13,100
48815,0,100
48816,19,100
48818,11,100
48823,21,100
48827,19,100
48830,13,100
48831,11,100
48832,11,100
48833,14,100
48835,0,100
48837,19,100
48840,1,100
48842,0,100
48851,29,100
48852,13,100
48854,0,100
48855,11,100
48856,19,100
48857,25,100
48858,11,100
48859,13,100
48862,0,100
48863,19,100
48869,19,100
48870,8,100
48871,4,100
48876,0,100
48878,0,100
48880,11,100
48881,19,100
48884,11,100
48885,11,100
48891,21,100
48892,10,100
48896,19,100
48898,25,100
48903,22,100
48905,6,100
48907,13,100
48909,25,100
48911,7,100
48912,25,100
48913,25,100
48914,18,100
48918,21,100
48919,14,100
48922,13,100
48923,13,100
48927,1,100
48930,19,100
48931,13,100
48932,19,100
48935,19,100
48936,28,100
48939,25,100
48941,21,100
48942,11,100
48944,31,100
48945,25,100
48946,19,100
48947,3,100
48952,2,100
48953,4,100
48955,11,100
48958,2,100
48959,6,100
48961,1,100
48962,22,100
48964,27,100
48965,16,100
48969,20,100
48970,24,100
48972,11,100
48973,5,100
48976,14,100
48977,22,100
48979,21,100
48982,29,100
48983,22,100
48986,29,100
48992,8,100
48997,21,100
48999,21,100
49000,17,100
49003,22,100
49005,13,100
49006,14,100
49009,20,100
49010,21,100
49012,12,100
49015,31,100
49016,19,100
49017,16,100
49018,11,100
49019,17,100
49020,6,100
49022,31,100
49023,31,100
49024,24,100
49026,2,100
49032,2,100
49034,31,100
49035,26,100
49038,0,100
49041,19,100
49042,24,100
49043,14,100
49046,0,100
49048,27,100
49049,16,100
49051,26,100
49053,29,100
49055,21,100
49062,21,100
49064,6,100
49065,20,100
49066,3,100
49068,24,100
49070,28,100
49071,8,100
49074,1,100
49075,6,100
49077,27,100
49078,12,100
49082,27,100
49084,20,100
49085,6,100
49087,12,100
49090,13,100
49091,1,100
49095,15,100
49096,26,100
49097,26,100
49098,11,100
49099,21,100
49100,19,100
49106,16,100
49110,24,100
49118,26,100
49120,21,100
49122,6,100
49123,15,100
49124,21,100
49125,29,100
49126,25,100
49129,12,100
49131,11,100
49132,0,100
49133,11,100
49136,1,100
49137,2,100
49141,2,100
49142,11,100
49143,9,100
49144,11,100
49146,25,100
49147,27,100
49148,27,100
49149,16,100
49152,24,100
49154,8,100
49160,14,100
49161,18,100
49162,15,100
49163,9,100
49165,19,100
49168,14,100
49169,24,100
49171,19,100
49174,4,100
49176,13,100
49180,10,100
49182,3,100
49183,4,100
49184,29,100
49186,6,100
49187,6,100
49188,6,100
49189,6,100
49191,25,100
49193,6,100
49194,6,100
49195,6,100
49196,5,100
49197,5,100
49198,6,100
49201,19,100
49204,1,100
49205,25,100
49208,0,100
49209,18,100
49211,0,100
49215,13,100
49218,2,100
49219,5,100
49225,13,100
49226,13,100
49227,13,100
49231,21,100
49232,14,100
49233,14,100
49234,0,100
49235,19,100
49236,27,100
49238,8,100
49242,25,100
49243,2,100
49244,13,100
49246,25,100
49247,25,100
49248,19,100
49251,10,100
49254,11,100
49255,4,100
49256,24,100
49258,22,100
49259,29,100
49260,0,100
49261,11,100
49263,25,100
49265,11,100
49267,22,100
49275,4,100
49276,24,100
49278,13,100
49279,11,100
49281,19,100
49283,21,100
49286,0,100
49287,6,100
49288,25,100
49291,24,100
49292,20,100
49293,24,100
49295,25,100
49296,6,100
49299,19,100
49301,16,100
49303,1,100
49309,4,100
49310,0,100
49311,19,100
49312,27,100
49315,14,100
49317,4,100
49318,24,100
49319,11,100
49320,0,100
49321,19,100
49324,6,100
49328,0,100
49329,27,100
49331,6,100
49332,4,100
49333,11,100
49335,0,100
49337,22,100
49340,8,100
49342,25,100
49344,6,100
49345,28,100
49351,22,100
49352,13,100
49356,14,100
49358,13,100
49359,1,100
49360,20,100
49362,11,100
49367,18,100
49368,14,100
49369,18,100
49371,13,100
49373,25,100
49375,0,100
49379,18,100
49380,18,100
49382,3,100
49384,18,100
49385,11,100
49387,0,100
49388,27,100
49391,0,100
49392,29,100
49397,1,100
49398,2,100
49399,2,100
49401,9,100
49403,18,100
49404,9,100
49405,11,100
49406,25,100
49413,9,100
49414,2,100
49415,9,100
49417,1,100
49419,1,100
49423,13,100
49424,24,100
49425,31,100
49428,1,100
49432,24,100
49433,10,100
49435,13,100
49436,4,100
49440,7,100
49442,10,100
49443,14,100
49445,24,100
49446,8,100
49447,13,100
49448,22,100
49450,17,100
49452,0,100
49453,27,100
49458,21,100
49462,25,100
49463,11,100
49466,27,100
49467,11,100
49468,16,100
49469,25,100
49470,7,100
49471,22,100
49472,31,100
49473,11,100
49478,22,100
49479,22,100
49482,27,100
49484,11,100
49486,14,100
49491,26,100
49495,17,100
49497,31,100
49498,31,100
49499,29,100
49501,17,100
49503,18,100
49505,28,100
49509,26,100
49512,28,100
49513,17,100
49516,11,100
49518,28,100
49519,26,100
49521,7,100
49523,22,100
49524,14,100
49526,17,100
49528,21,100
49529,29,100
49532,28,100
49533,26,100
49534,13,100
49536,19,100
49537,0,100
49538,11,100
49539,16,100
49540,6,100
49542,28,100
49544,19,100
49548,11,100
49550,15,100
49552,13,100
49558,14,100
49560,21,100
49561,0,100
49562,11,100
49563,16,100
49564,13,100
49566,24,100
49568,14,100
49569,1,100
49571,27,100
49575,8,100
49578,3,100
49579,22,100
49580,3,100
49583,10,100
49585,0,100
49586,25,100
49587,27,100
49590,11,100
49595,0,100
49598,16,100
49601,22,100
49603,12,100
49610,14,100
49611,20,100
49612,22,100
49617,18,100
49618,0,100
49621,22,100
49622,22,100
49624,21,100
49626,18,100
49627,18,100
49628,18,100
49636,14,100
49637,14,100
49638,18,100
49640,25,100
49642,12,100
49644,22,100
49650,10,100
49651,22,100
49652,22,100
49653,25,100
49654,18,100
49657,6,100
49660,26,100
49661,15,100
49667,1,100
49668,20,100
49669,0,100
49672,9,100
49673,18,100
49674,20,100
49675,25,100
49676,20,100
49677,9,100
49680,22,100
49682,22,100
49685,0,100
49686,10,100
49687,0,100
49694,18,100
49701,3,100
49702,18,100
49705,12,100
49706,13,100
49709,8,100
49710,19,100
49712,25,100
49715,10,100
49716,24,100
49717,18,100
49718,18,100
49719,22,100
49720,22,100
49721,10,100
49722,9,100
49727,18,100
49728,18,100
49730,25,100
49731,22,100
49732,22,100
49734,20,100
49735,12,100
49736,22,100
49742,6,100
49743,15,100
49745,0,100
49747,9,100
49748,1,100
49749,20,100
49750,28,100
49751,9,100
49753,18,100
49755,9,100
49758,15,100
49760,1,100
49761,22,100
49762,15,100
49763,22,100
49764,22,100
49765,22,100
49767,18,100
49771,22,100
49773,9,100
49774,21,100
49776,31,100
49778,20,100
49779,20,100
49780,21,100
49783,21,100
49784,20,100
49785,13,100
49787,12,100
49788,10,100
49789,20,100
49791,12,100
49792,26,100
49793,19,100
49794,10,100
49796,14,100
49797,19,100
49798,13,100
49799,6,100
49801,21,100
49802,9,100
49804,9,100
49805,9,100
49806,12,100
49808,9,100
49809,6,100
49814,8,100
49816,20,100
49820,27,100
49822,4,100
49825,14,100
49829,13,100
49834,21,100
49836,21,100
49837,11,100
49839,7,100
49842,8,100
49844,13,100
49846,29,100
49848,27,100
49852,14,100
49856,14,100
49857,6,100
49858,18,100
49859,14,100
49860,14,100
49863,6,100
49865,14,100
49867,11,100
49870,6,100
49871,24,100
49872,11,100
49873,0,100
49878,13,100
49880,28,100
49881,14,100
49883,11,100
49885,8,100
49886,19,100
49888,8,100
49889,8,100
49890,31,100
49893,2,100
49896,0,100
49898,8,100
49900,10,100
49901,4,100
49903,10,100
49904,24,100
49905,0,100
49906,27,100
49908,5,100
49912,30,100
49916,3,100
49919,5,100
49921,13,100
49924,29,100
49927,8,100
49928,29,100
49929,8,100
49931,24,100
49933,25,100
49935,8,100
49936,25,100
49937,15,100
49941,22,100
49943,8,100
49945,13,100
49946,8,100
49947,23,100
49951,22,100
49952,23,100
49958,7,100
49959,0,100
49960,14,100
49963,19,100
49964,19,100
49965,11,100
49969,22,100
49970,6,100
49971,12,100
49973,7,100
49975,6,100
49978,29,100
49980,0,100
49982,10,100
49983,29,100
49988,25,100
49989,19,100
49992,6,100
49994,1,100
49995,29,100
49998,19,100
50001,19,100
50002,22,100
50005,19,100
50007,1,100
50008,2,100
50011,4,100
50019,21,100
50020,24,100
50023,13,100
50024,10,100
50025,14,100
50027,17,100
50030,3,100
50031,22,100
50032,27,100
50033,29,100
50036,26,100
50037,13,100
50038,14,100
50039,10,100
50043,24,100
50045,20,100
50046,24,100
50047,8,100
50048,0,100
50051,31,100
50052,21,100
50053,24,100
50056,6,100
50063,5,100
50066,14,100
50067,21,100
50068,24,100
50074,1,100
50076,12,100
50077,25,100
50078,20,100
50079,21,100
50080,13,100
50082,21,100
50084,14,100
50086,21,100
50088,25,100
50090,25,100
50092,14,100
50095,12,100
50097,10,100
50101,28,100
50103,12,100
50104,21,100
50112,14,100
50114,28,100
50116,0,100
50118,1,100
50120,24,100
50121,1,100
50122,21,100
50127,7,100
50128,7,100
50130,1,100
50132,11,100
50133,19,100
50134,13,100
50137,11,100
50140,21,100
50143,19,100
50145,31,100
50146,19,100
50148,13,100
50149,6,100
50152,20,100
50153,14,100
50156,2,100
50158,24,100
50159,22,100
50162,22,100
50163,0,100
50164,7,100
50166,27,100
50167,13,100
50168,14,100
50171,29,100
50172,4,100
50173,17,100
50174,14,100
50176,25,100
50177,4,100
50178,13,100
50179,13,100
50180,0,100
50183,21,100
50186,17,100
50188,11,100
50190,24,100
50191,23,100
50194,27,100
50195,16,100
50196,22,100
50198,14,100
50201,14,100
50202,13,100
50204,13,100
50205,17,100
50206,21,100
50207,24,100
50208,11,100
50211,10,100
50213,28,100
50214,2,100
50215,27,100
50219,5,100
50221,5,100
50223,14,100
50230,6,100
50236,6,100
50237,14,100
50239,14,100
50240,2,100
50242,1,100
50244,8,100
50246,11,100
50247,22,100
50249,26,100
50253,25,100
50259,24,100
50260,1,100
50263,14,100
50264,25,100
50265,13,100
50266,11,100
50267,24,100
50268,19,100
50269,31,100
50270,11,100
50273,31,100
50274,4,100
50275,14,100
50276,4,100
50279,16,100
50280,4,100
50282,14,100
50284,14,100
50285,30,100
50286,4,100
50287,30,100
50289,28,100
50291,14,100
50292,21,100
50297,20,100
50299,11,100
50301,24,100
50303,14,100
50305,2,100
50306,12,100
50308,30,100
50309,21,100
50310,4,100
50312,16,100
50315,24,100
50316,5,100
50319,8,100
50320,13,100
50322,13,100
50323,10,100
50326,10,100
50327,22,100
50328,0,100
50329,25,100
50330,27,100
50332,28,100
50334,12,100
50335,8,100
50339,28,100
50340,26,100
50342,28,100
50349,21,100
50350,1,100
50353,15,100
50358,8,100
50359,28,100
50361,8,100
50363,4,100
50364,13,100
50367,11,100
50369,21,100
50372,20,100
50376,14,100
50379,13,100
50380,18,100
50381,4,100
50384,21,100
50389,3,100
50392,26,100
50394,16,100
50395,0,100
50398,25,100
50399,0,100
50401,15,100
50402,15,100
50403,20,100
50404,25,100
50405,15,100
50407,28,100
50410,15,100
50412,25,100
50414,12,100
50417,1,100
50418,0,100
50419,0,100
50424,25,100
50425,15,100
50429,1,100
50431,0,100
50432,22,100
50433,25,100
50434,15,100
50436,0,100
50439,15,100
50440,14,100
50441,15,100
50443,1,100
50444,15,100
50449,15,100
50451,19,100
50452,14,100
50453,12,100
50454,18,100
50455,20,100
50456,18,100
50458,14,100
50461,2,100
50462,14,100
50463,29,100
50466,14,100
50470,11,100
50471,28,100
50472,18,100
50473,18,100
50474,2,100
50479,22,100
50480,16,100
50482,0,100
50484,2,100
50485,29,100
50488,15,100
50490,18,100
50491,13,100
50495,11,100
50496,21,100
50497,26,100
50499,26,100
50501,2,100
50504,2,100
50505,6,100
50506,25,100
50512,28,100
50514,22,100
50515,26,100
50518,24,100
50520,12,100
50524,0,100
50527,9,100
50531,13,100
50532,9,100
50533,15,100
50536,19,100
50537,20,100
50538,21,100
50540,8,100
50542,13,100
50544,18,100
50549,25,100
50552,11,100
50554,5,100
50556,13,100
50558,11,100
50562,22,100
50563,8,100
50564,13,100
50565,13,100
50566,18,100
50567,18,100
50569,7,100
50573,13,100
50576,18,100
50579,18,100
50582,8,100
50585,0,100
50586,14,100
50587,22,100
50589,18,100
50591,18,100
50593,15,100
50594,3,100
50595,0,100
50596,8,100
50597,7,100
50598,9,100
50600,9,100
50602,20,100
50609,9,100
50610,9,100
50614,18,100
50616,3,100
50619,18,100
50620,18,100
50625,13,100
50628,18,100
50630,18,100
50631,13,100
50632,13,100
50633,13,100
50635,9,100
50638,13,100
50642,18,100
50644,18,100
50648,9,100
50651,9,100
50655,30,100
50656,9,100
50657,9,100
50661,19,100
50662,10,100
50663,4,100
50671,10,100
50673,4,100
50674,10,100
50675,4,100
50676,10,100
50678,10,100
50679,4,100
50680,4,100
50682,7,100
50686,4,100
50687,20,100
50688,4,100
50689,10,100
50691,4,100
50696,4,100
50698,4,100
50702,10,100
50704,25,100
50706,4,100
50709,4,100
50712,10,100
50714,4,100
50718,4,100
50720,10,100
50722,10,100
50725,4,100
50730,4,100
50731,1,100
50732,10,100
50735,4,100
50739,4,100
50740,10,100
50741,25,100
50742,10,100
50743,10,100
50744,1,100
50745,4,100
50746,10,100
50747,10,100
50749,24,100
50751,10,100
50752,23,100
50753,10,100
50754,1,100
50760,14,100
50761,29,100
50763,10,100
50765,10,100
50766,4,100
50769,4,100
50770,4,100
50771,25,100
50774,24,100
50776,10,100
50778,19,100
50779,4,100
50780,10,100
50783,20,100
50784,4,100
50788,10,100
50789,28,100
50792,25,100
50793,25,100
50796,10,100
50797,10,100
50798,10,100
50800,24,100
50803,10,100
50804,4,100
50810,10,100
50811,4,100
50813,4,100
50814,10,100
50815,10,100
50816,10,100
50819,28,100
50820,10,100
50821,24,100
50823,10,100
50824,14,100
50825,4,100
50826,10,100
50828,10,100
50829,17,100
50831,10,100
50832,10,100
50835,1,100
50838,4,100
50839,4,100
50841,13,100
50843,10,100
50844,24,100
50846,24,100
50847,1,100
50848,24,100
50850,25,100
50851,24,100
50853,24,100
50855,17,100
50856,24,100
50857,0,100
50858,19,100
50860,25,100
50862,24,100
50863,1,100
50864,24,100
50866,4,100
50871,20,100
50874,24,100
50875,21,100
50878,25,100
50880,25,100
50881,24,100
50883,19,100
50884,10,100
50885,10,100
50887,1,100
50888,24,100
50889,24,100
50890,24,100
50894,10,100
50895,10,100
50896,26,100
50899,19,100
50900,24,100
50902,10,100
50905,25,100
50909,22,100
50910,27,100
50914,1,100
50915,21,100
50916,24,100
50917,19,100
50922,10,100
50923,24,100
50925,11,100
50926,15,100
50927,11,100
50928,4,100
50935,4,100
50938,19,100
50941,27,100
50942,14,100
50943,10,100
50944,24,100
50947,20,100
50950,24,100
50953,10,100
50954,15,100
50957,24,100
50958,13,100
50959,13,100
50960,24,100
50963,11,100
50964,13,100
50965,31,100
50967,21,100
50968,23,100
50972,1,100
50976,7,100
50977,27,100
50980,2,100
50981,14,100
50983,0,100
50988,13,100
50989,1,100
50991,20,100
50992,11,100
50994,31,100
50995,20,100
50996,24,100
50999,1,100
51000,6,100
51002,0,100
51004,27,100
51006,24,100
51008,19,100
51010,24,100
51014,21,100
51017,24,100
51018,11,100
51019,25,100
51021,19,100
51022,11,100
51023,28,100
51029,19,100
51032,19,100
51034,22,100
51037,26,100
51041,14,100
51043,15,100
51045,1,100
51051,28,100
51053,11,100
51054,3,100
51058,24,100
51059,19,100
51061,25,100
51062,4,100
51063,24,100
51064,19,100
51066,25,100
51067,21,100
51068,11,100
51071,24,100
51073,10,100
51074,12,100
51075,4,100
51076,2,100
51077,19,100
51078,21,100
51079,0,100
51082,4,100
51085,24,100
51088,25,100
51089,21,100
51091,25,100
51092,25,100
51093,14,100
51094,31,100
51096,1,100
51100,24,100
51102,6,100
51103,11,100
51107,22,100
51109,11,100
51110,20,100
51114,6,100
51117,20,100
51118,1,100
51121,6,100
51122,11,100
51123,25,100
51124,6,100
51126,11,100
51130,1,100
51131,24,100
51132,5,100
51133,6,100
51135,24,100
51136,12,100
51143,15,100
51144,19,100
51146,12,100
51147,6,100
51152,14,100
51154,1,100
51156,12,100
51157,3,100
51160,6,100
51161,12,100
51162,11,100
51164,24,100
51167,24,100
51173,6,100
51174,24,100
51177,1,100
51180,24,100
51181,19,100
51182,0,100
51183,10,100
51185,25,100
51189,6,100
51190,24,100
51193,1,100
51197,24,100
51198,25,100
51199,24,100
51200,11,100
51201,24,100
51202,6,100
51204,24,100
51206,19,100
51207,1,100
51208,6,100
51210,3,100
51211,24,100
51212,13,100
51215,6,100
51217,24,100
51218,28,100
51219,19,100
51220,25,100
51221,24,100
51225,19,100
51228,1,100
51229,24,100
51231,24,100
51232,12,100
51233,6,100
51234,1,100
51237,14,100
51241,3,100
51244,24,100
51245,11,100
51246,6,100
51247,24,100
51250,6,100
51252,6,100
51254,24,100
51256,5,100
51260,27,100
51261,6,100
51262,6,100
51263,6,100
51264,6,100
51266,1,100
51269,3,100
51270,24,100
51271,6,100
51276,6,100
51278,6,100
51281,5,100
51282,31,100
51285,6,100
51288,22,100
51291,0,100
51292,1,100
51294,6,100
51295,5,100
51296,5,100
51300,6,100
51301,1,100
51304,25,100
51307,26,100
51308,26,100
51309,20,100
51311,26,100
51316,14,100
51320,7,100
51321,21,100
51325,3,100
51326,7,100
51328,11,100
51333,29,100
51335,10,100
51336,6,100
51340,10,100
51343,4,100
51344,28,100
51348,0,100
51349,12,100
51353,28,100
51355,11,100
51358,12,100
51359,12,100
51361,15,100
51365,5,100
51366,30,100
51367,9,100
51368,0,100
51371,9,100
51373,10,100
51378,1,100
51379,9,100
51380,10,100
51381,2,100
51384,5,100
51386,2,100
51387,12,100
51388,6,100
51390,7,100
51391,10,100
51393,24,100
51394,11,100
51395,2,100
51396,20,100
51401,15,100
51402,0,100
51403,15,100
51404,28,100
51405,3,100
51409,22,100
51414,28,100
51416,5,100
51418,18,100
51420,18,100
51421,0,100
51422,14,100
51424,15,100
51426,18,100
51427,18,100
51429,21,100
51430,5,100
51433,5,100
51435,14,100
51436,14,100
51437,10,100
51438,22,100
51439,22,100
51441,7,100
51442,6,100
51443,9,100
51445,2,100
51447,18,100
51449,9,100
51451,14,100
51452,9,100
51453,9,100
51456,0,100
51460,18,100
51461,9,100
51462,9,100
51463,19,100
51469,18,100
51470,13,100
51471,13,100
51472,19,100
51475,9,100
51476,9,100
51477,19,100
51478,19,100
51480,17,100
51483,28,100
51484,21,100
51485,25,100
51486,21,100
51487,1,100
51490,31,100
51491,6,100
51494,31,100
51497,5,100
51499,25,100
51503,20,100
51504,31,100
51505,26,100
51506,6,100
51508,25,100
51509,31,100
51511,28,100
51512,20,100
51513,10,100
51515,19,100
51518,22,100
51519,24,100
51521,10,100
51522,19,100
51526,6,100
51527,21,100
51530,5,100
51533,25,100
51535,1,100
51537,5,100
51540,19,100
51541,21,100
51546,4,100
51547,6,100
51549,25,100
51551,19,100
51554,1,100
51555,24,100
51558,24,100
51561,24,100
51562,11,100
51563,11,100
51565,21,100
51573,6,100
51582,11,100
51583,26,100
51584,29,100
51585,11,100
51587,19,100
51589,28,100
51590,24,100
51592,19,100
51593,11,100
51597,19,100
51598,24,100
51600,24,100
51601,6,100
51602,28,100
51605,11,100
51609,31,100
51610,24,100
51611,24,100
51613,25,100
51615,2,100
51617,6,100
51619,15,100
51620,25,100
51621,24,100
51623,21,100
51624,1,100
51625,13,100
51629,19,100
51633,8,100
51634,1,100
51636,11,100
51639,24,100
51640,5,100
51642,24,100
51643,14,100
51646,22,100
51648,19,100
51652,19,100
51654,2,100
51655,20,100
51657,8,100
51665,1,100
51666,20,100
51668,24,100
51669,11,100
51674,30,100
51677,20,100
51678,1,100
51679,21,100
51680,6,100
51682,24,100
51683,24,100
51685,1,100
51687,11,100
51688,19,100
51691,6,100
51698,14,100
51699,21,100
51704,19,100
51705,1,100
51706,29,100
51708,6,100
51709,24,100
51711,6,100
51713,10,100
51718,5,100
51721,3,100
51722,19,100
51723,24,100
51725,25,100
51728,11,100
51729,23,100
51731,24,100
51732,5,100
51735,28,100
51736,26,100
51739,26,100
51741,31,100
51743,14,100
51744,6,100
51748,6,100
51749,20,100
51751,26,100
51757,7,100
51758,24,100
51760,6,100
51762,6,100
51766,21,100
51767,31,100
51768,6,100
51770,1,100
51776,6,100
51780,6,100
51781,24,100
51783,19,100
51784,11,100
51785,25,100
51788,31,100
51789,21,100
51790,26,100
51791,19,100
51794,22,100
51795,28,100
51800,6,100
51803,24,100
51804,21,100
51806,14,100
51807,6,100
51808,24,100
51809,11,100
51811,6,100
51812,31,100
51815,24,100
51817,2,100
51819,25,100
51820,28,100
51821,11,100
51822,22,100
51823,28,100
51824,26,100
51830,26,100
51833,31,100
51834,22,100
51835,6,100
51836,24,100
51840,21,100
51841,6,100
51842,21,100
51844,24,100
51848,6,100
51849,11,100
51853,14,100
51854,6,100
51855,6,100
51856,14,100
51858,14,100
51859,24,100
51865,26,100
51867,25,100
51872,6,100
51874,5,100
51876,1,100
51878,6,100
51879,11,100
51881,20,100
51882,6,100
51889,25,100
51890,28,100
51891,22,100
51892,28,100
51893,25,100
51895,6,100
51898,25,100
51900,6,100
51904,25,100
51905,14,100
51908,25,100
51909,25,100
51912,25,100
51914,6,100
51915,6,100
51916,19,100
51917,26,100
51918,11,100
51922,10,100
51926,14,100
51927,4,100
51930,5,100
51931,21,100
51935,31,100
51937,11,100
51941,24,100
51942,6,100
51945,19,100
51947,28,100
51950,6,100
51951,6,100
51953,5,100
51956,24,100
51957,6,100
51958,5,100
51961,25,100
51963,25,100
51964,26,100
51967,6,100
51972,24,100
51974,5,100
51975,6,100
51976,10,100
51981,6,100
51982,28,100
51983,14,100
51987,21,100
51989,6,100
51992,24,100
51994,14,100
51995,5,100
51997,28,100
52000,6,100
52001,19,100
52002,31,100
52004,5,100
52005,24,100
52007,6,100
52009,6,100
52010,6,100
52011,11,100
52012,6,100
52013,28,100
52014,1,100
52015,5,100
52023,31,100
52026,24,100
52027,24,100
52028,14,100
52029,28,100
52031,26,100
52033,26,100
52036,11,100
52037,28,100
52038,6,100
52039,14,100
52040,6,100
52041,31,100
52042,6,100
52043,28,100
52045,11,100
52048,19,100
52049,11,100
52050,31,100
52051,28,100
52052,20,100
52053,6,100
52054,20,100
52058,6,100
52060,11,100
52061,6,100
52064,14,100
52065,24,100
52067,14,100
52069,5,100
52071,11,100
52074,31,100
52075,6,100
52080,20,100
52081,26,100
52087,6,100
52089,24,100
52090,21,100
52093,11,100
52094,6,100
52101,23,100
52102,26,100
52106,14,100
52108,28,100
52109,6,100
52110,21,100
52111,20,100
52112,25,100
52117,6,100
52120,31,100
52121,19,100
52122,14,100
52124,31,100
52125,6,100
52126,21,100
52128,14,100
52131,31,100
52138,14,100
52139,26,100
52141,6,100
52144,20,100
52146,6,100
52149,24,100
52150,29,100
52153,31,100
52154,6,100
52155,5,100
52156,11,100
52159,25,100
52162,5,100
52163,28,100
52171,26,100
52172,14,100
52173,26,100
52174,10,100
52176,28,100
52177,6,100
52180,21,100
52187,26,100
52190,6,100
52192,21,100
52193,6,100
52194,6,100
52202,6,100
52205,6,100
52206,20,100
52207,5,100
52209,26,100
52210,5,100
52212,6,100
52216,20,100
52217,24,100
52220,24,100
52222,7,100
52223,26,100
52225,20,100
52226,28,100
52229,26,100
52230,10,100
52231,10,100
52240,11,100
52241,28,100
52242,26,100
52244,5,100
52245,2,100
52246,26,100
52247,14,100
52252,14,100
52255,14,100
52257,20,100
52258,10,100
52259,6,100
52260,14,100
52261,26,100
52263,31,100
52264,11,100
52266,24,100
52267,6,100
52272,10,100
52274,10,100
52276,1,100
52277,14,100
52279,8,100
52280,4,100
52283,17,100
52286,13,100
52288,17,100
52291,3,100
52292,17,100
52293,7,100
52294,17,100
52295,17,100
52296,17,100
52297,20,100
52298,19,100
52301,1,100
52303,25,100
52304,25,100
52305,17,100
52306,17,100
52308,6,100
52312,26,100
52315,13,100
52316,26,100
52319,7,100
52321,21,100
52322,24,100
52324,28,100
52325,24,100
52332,3,100
52333,17,100
52336,25,100
52339,25,100
52341,14,100
52343,17,100
52345,25,100
52346,17,100
52351,17,100
52353,17,100
52354,6,100
52358,23,100
52359,25,100
52361,24,100
52363,28,100
52364,14,100
52366,13,100
52367,4,100
52368,3,100
52370,13,100
52371,21,100
52372,6,100
52373,4,100
52374,25,100
52376,13,100
52377,7,100
52379,23,100
52382,13,100
52386,18,100
52387,11,100
52388,13,100
52391,17,100
52397,27,100
52399,21,100
52402,25,100
52403,7,100
52405,25,100
52407,7,100
52411,19,100
52412,29,100
52415,27,100
52416,11,100
52417,25,100
52419,25,100
52420,22,100
52422,25,100
52423,7,100
52424,17,100
52425,24,100
52426,17,100
52427,21,100
52431,3,100
52432,0,100
52435,1,100
52438,11,100
52439,1,100
52440,1,100
52441,25,100
52444,21,100
52447,21,100
52449,21,100
52450,21,100
52453,19,100
52455,13,100
52456,11,100
52458,3,100
52459,4,100
52465,19,100
52467,0,100
52468,19,100
52469,3,100
52471,27,100
52475,4,100
52478,14,100
52481,11,100
52486,3,100
52489,14,100
52490,14,100
52491,17,100
52493,21,100
52496,13,100
52498,8,100
52500,14,100
52502,28,100
52505,14,100
52506,14,100
52507,14,100
52511,14,100
52512,13,100
52514,7,100
52516,29,100
52517,14,100
52518,14,100
52524,14,100
52525,29,100
52526,7,100
52529,13,100
52530,14,100
52531,22,100
52535,22,100
52537,25,100
52538,8,100
52539,22,100
52541,3,100
52543,3,100
52544,3,100
52547,3,100
52548,3,100
52549,0,100
52552,16,100
52553,13,100
52554,11,100
52555,19,100
52556,14,100
52558,20,100
52559,14,100
52560,25,100
52561,10,100
52562,8,100
52564,14,100
52565,14,100
52569,0,100
52570,8,100
52575,3,100
52577,0,100
52578,19,100
52580,16,100
52583,13,100
52585,11,100
52586,25,100
52588,29,100
52589,11,100
52590,13,100
52591,4,100
52594,5,100
52595,29,100
52596,14,100
52597,24,100
52598,3,100
52601,25,100
52602,16,100
52605,13,100
52607,19,100
52608,3,100
52609,28,100
52610,28,100
52612,3,100
52613,1,100
52614,22,100
52618,3,100
52619,22,100
52625,14,100
52626,29,100
52628,1,100
52629,14,100
52631,13,100
52636,15,100
52637,3,100
52639,19,100
52640,3,100
52641,3,100
52649,23,100
52651,3,100
52654,0,100
52655,3,100
52658,12,100
52660,22,100
52661,3,100
52663,6,100
52665,25,100
52666,8,100
52667,23,100
52668,19,100
52671,23,100
52677,6,100
52678,13,100
52687,6,100
52690,24,100
52694,25,100
52695,20,100
52696,24,100
52698,29,100
52699,21,100
52702,23,100
52706,0,100
52707,24,100
52708,3,100
52715,25,100
52717,6,100
52718,21,100
52720,14,100
52721,14,100
52722,1,100
52724,0,100
52725,28,100
52728,22,100
52729,14,100
52730,14,100
52731,22,100
52734,23,100
52735,31,100
52737,22,100
52738,22,100
52740,10,100
52741,1,100
52742,21,100
52743,17,100
52745,2,100
52746,14,100
52747,26,100
52750,22,100
52751,21,100
52757,13,100
52758,28,100
52759,21,100
52760,3,100
52761,19,100
52764,6,100
52765,3,100
52766,27,100
52768,1,100
52769,25,100
52770,22,100
52773,13,100
52778,0,100
52779,14,100
52783,13,100
52785,20,100
52786,20,100
52787,13,100
52789,8,100
52793,8,100
52794,12,100
52795,31,100
52801,20,100
52804,7,100
52806,20,100
52809,15,100
52811,22,100
52817,15,100
52818,18,100
52819,11,100
52820,1,100
52821,14,100
52823,19,100
52824,25,100
52825,10,100
52826,0,100
52827,25,100
52829,7,100
52834,19,100
52841,14,100
52842,3,100
52843,11,100
52844,0,100
52845,19,100
52849,11,100
52850,19,100
52851,27,100
52852,24,100
52855,0,100
52856,19,100
52857,18,100
52862,23,100
52863,22,100
52864,23,100
52866,0,100
52868,27,100
52869,11,100
52873,28,100
52875,0,100
52876,19,100
52877,25,100
52881,13,100
52883,0,100
52884,27,100
52886,11,100
52888,0,100
52889,27,100
52891,8,100
52894,26,100
52896,0,100
52897,18,100
52898,10,100
52899,7,100
52901,21,100
52905,8,100
52907,29,100
52908,11,100
52910,3,100
52911,15,100
52912,18,100
52913,0,100
52914,15,100
52916,3,100
52917,9,100
52918,0,100
52920,1,100
52922,0,100
52925,10,100
52928,6,100
52931,1,100
52932,22,100
52933,9,100
52935,1,100
52936,24,100
52939,9,100
52942,3,100
52944,17,100
52947,4,100
52950,13,100
52951,17,100
52952,22,100
52954,0,100
52957,29,100
52961,13,100
52965,1,100
52966,10,100
52968,4,100
52970,14,100
52976,27,100
52977,1,100
52978,7,100
52981,24,100
52983,24,100
52985,13,100
52987,17,100
52988,0,100
52991,10,100
52993,19,100
52997,12,100
52998,8,100
53004,22,100
53005,8,100
53007,25,100
53011,25,100
53012,17,100
53016,27,100
53018,24,100
53021,19,100
53022,17,100
53023,25,100
53029,25,100
53032,27,100
53033,14,100
53037,27,100
53038,5,100
53040,11,100
53041,19,100
53042,27,100
53044,31,100
53045,28,100
53047,8,100
53048,14,100
53052,10,100
53055,5,100
53056,13,100
53057,19,100
53058,28,100
53059,8,100
53063,19,100
53064,14,100
53067,17,100
53068,7,100
53069,13,100
53070,21,100
53071,19,100
53078,21,100
53081,6,100
53082,10,100
53083,13,100
53085,21,100
53086,21,100
53087,1,100
53088,14,100
53089,10,100
53090,21,100
53093,31,100
53097,6,100
53099,21,100
53101,21,100
53104,7,100
53107,20,100
53108,15,100
53109,21,100
53110,24,100
53113,19,100
53115,3,100
53116,24,100
53119,28,100
53120,24,100
53122,22,100
53123,10,100
53125,19,100
53126,13,100
53127,25,100
53128,1,100
53131,8,100
53132,16,100
53133,0,100
53135,4,100
53138,1,100
53139,21,100
53141,5,100
53142,21,100
53145,24,100
53148,29,100
53152,24,100
53153,1,100
53156,29,100
53157,20,100
53160,22,100
53162,29,100
53163,5,100
53167,25,100
53169,19,100
53170,31,100
53172,0,100
53174,19,100
53178,13,100
53180,25,100
53181,0,100
53182,19,100
53183,28,100
53185,24,100
53187,2,100
53188,0,100
53189,19,100
53190,14,100
53191,0,100
53192,19,100
53193,0,100
53194,19,100
53195,25,100
53196,22,100
53197,19,100
53199,19,100
53200,9,100
53202,19,100
53204,9,100
53207,8,100
53208,10,100
53209,17,100
53210,23,100
53215,14,100
53216,4,100
53217,24,100
53220,3,100
53221,1,100
53224,19,100
53225,7,100
53226,6,100
53228,10,100
53229,24,100
53230,10,100
53231,4,100
53234,19,100
53236,22,100
53237,10,100
53240,20,100
53241,3,100
53244,25,100
53245,19,100
53247,21,100
53248,7,100
53249,23,100
53253,28,100
53254,29,100
53256,20,100
53258,4,100
53259,29,100
53261,10,100
53263,25,100
53265,1,100
53267,3,100
53272,1,100
53277,12,100
53280,8,100
53282,6,100
53285,6,100
53286,21,100
53287,23,100
53288,3,100
53289,21,100
53290,21,100
53291,20,100
53292,6,100
53293,21,100
53296,31,100
53297,2,100
53298,1,100
53299,21,100
53300,3,100
53301,0,100
53306,11,100
53307,16,100
53308,3,100
53310,25,100
53313,25,100
53314,25,100
53315,25,100
53317,29,100
53320,11,100
53321,4,100
53322,1,100
53325,19,100
53328,3,100
53329,3,100
53332,10,100
53334,1,100
53336,7,100
53337,11,100
53338,26,100
53339,8,100
53340,10,100
53342,3,100
53345,3,100
53346,27,100
53348,16,100
53349,1,100
53353,22,100
53355,7,100
53356,3,100
53357,1,100
53358,3,100
53359,3,100
53360,8,100
53361,22,100
53362,11,100
53367,31,100
53369,3,100
53372,0,100
53376,16,100
53378,25,100
53381,3,100
53385,5,100
53386,19,100
53388,15,100
53390,26,100
53391,2,100
53392,11,100
53393,27,100
53395,25,100
53396,22,100
53397,11,100
53398,31,100
53399,22,100
53400,15,100
53402,14,100
53403,7,100
53405,27,100
53407,23,100
53415,1,100
53417,13,100
53418,25,100
53419,0,100
53421,12,100
53422,0,100
53423,0,100
53425,16,100
53427,14,100
53428,8,100
53429,8,100
53431,3,100
53432,8,100
53434,22,100
53436,28,100
53437,0,100
53438,21,100
53439,19,100
53440,15,100
53443,8,100
53446,0,100
53447,27,100
53449,16,100
53451,3,100
53453,17,100
53455,0,100
53456,15,100
53457,7,100
53460,25,100
53464,4,100
53466,22,100
53468,27,100
53469,31,100
53470,16,100
53474,10,100
53476,0,100
53477,7,100
53479,27,100
53480,16,100
53481,14,100
53484,6,100
53486,28,100
53488,11,100
53489,0,100
53490,16,100
53491,24,100
53495,25,100
53496,25,100
53499,27,100
53500,16,100
53501,16,100
53503,16,100
53505,16,100
53508,16,100
53511,25,100
53512,25,100
53515,25,100
53518,11,100
53519,25,100
53522,25,100
53523,8,100
53524,21,100
53525,2,100
53527,10,100
53528,1,100
53529,0,100
53530,21,100
53531,23,100
53534,11,100
53536,19,100
53538,10,100
53540,14,100
53541,18,100
53543,4,100
53545,13,100
53547,12,100
53548,13,100
53549,9,100
53553,18,100
53556,8,100
53558,11,100
53559,0,100
53560,11,100
53561,19,100
53562,16,100
53564,18,100
53566,28,100
53567,25,100
53569,13,100
53571,8,100
53573,7,100
53575,12,100
53577,29,100
53578,9,100
53580,9,100
53581,1,100
53582,28,100
53584,25,100
53587,15,100
53588,22,100
53589,20,100
53590,20,100
53593,9,100
53594,25,100
53596,12,100
53597,8,100
53598,9,100
53599,25,100
53600,19,100
53601,9,100
53605,9,100
53607,15,100
53608,18,100
53610,26,100
53612,9,100
53613,9,100
53615,3,100
53617,25,100
53618,8,100
53620,21,100
53623,15,100
53624,0,100
53627,23,100
53628,0,100
53630,12,100
53631,15,100
53633,18,100
53635,18,100
53636,25,100
53637,12,100
53640,9,100
53641,15,100
53643,8,100
53647,23,100
53650,31,100
53653,25,100
53656,19,100
53657,12,100
53658,21,100
53659,1,100
53660,6,100
53661,6,100
53663,13,100
53665,9,100
53666,24,100
53667,13,100
53669,12,100
53670,1,100
53671,30,100
53674,18,100
53676,31,100
53677,7,100
53679,18,100
53681,20,100
53683,31,100
53684,7,100
53686,18,100
53688,9,100
53689,9,100
53690,25,100
53691,1,100
53696,1,100
53698,25,100
53699,25,100
53700,1,100
53701,9,100
53704,18,100
53708,13,100
53710,29,100
53712,18,100
53713,25,100
53714,18,100
53716,1,100
53717,12,100
53721,25,100
53724,30,100
53725,18,100
53726,18,100
53727,12,100
53728,8,100
53729,31,100
53731,23,100
53732,18,100
53733,22,100
53735,25,100
53736,25,100
53737,18,100
53738,13,100
53741,29,100
53742,18,100
53743,12,100
53745,19,100
53746,17,100
53748,29,100
53752,14,100
53753,12,100
53754,13,100
53755,6,100
53757,19,100
53758,27,100
53759,16,100
53761,4,100
53764,18,100
53765,4,100
53766,10,100
53770,19,100
53771,0,100
53774,13,100
53776,19,100
53777,19,100
53779,13,100
53784,7,100
53786,25,100
53789,19,100
53791,19,100
53792,31,100
53793,13,100
53794,6,100
53795,1,100
53799,19,100
53801,13,100
53802,25,100
53805,19,100
53808,19,100
53809,21,100
53810,19,100
53814,19,100
53818,22,100
53820,27,100
53824,6,100
53825,24,100
53827,19,100
53829,6,100
53831,20,100
53835,10,100
53837,4,100
53838,15,100
53840,19,100
53841,4,100
53843,22,100
53844,2,100
53847,17,100
53850,3,100
53852,28,100
53853,22,100
53854,25,100
53855,10,100
53856,23,100
53858,24,100
53859,10,100
53860,3,100
53862,3,100
53864,19,100
53868,14,100
53869,22,100
53873,0,100
53875,27,100
53876,13,100
53877,16,100
53878,25,100
53880,7,100
53881,11,100
53882,7,100
53888,11,100
53889,19,100
53890,15,100
53891,27,100
53892,16,100
53893,19,100
53894,1,100
53895,1,100
53898,11,100
53899,24,100
53904,19,100
53905,15,100
53908,19,100
53914,14,100
53916,3,100
53921,7,100
53922,29,100
53923,29,100
53924,22,100
53925,14,100
53926,14,100
53927,15,100
53928,29,100
53929,3,100
53930,10,100
53933,8,100
53935,10,100
53936,10,100
53937,14,100
53943,0,100
53944,0,100
53945,19,100
53946,11,100
53949,27,100
53951,24,100
53955,22,100
53957,20,100
53958,14,100
53960,26,100
53961,26,100
53962,26,100
53963,26,100
53964,19,100
53970,20,100
53971,7,100
53972,11,100
53973,14,100
53977,8,100
53978,22,100
53979,23,100
53980,8,100
53981,5,100
53982,3,100
53985,3,100
53988,11,100
53991,13,100
53992,11,100
53993,15,100
53994,10,100
53996,3,100
53999,0,100
54001,27,100
54002,16,100
54003,19,100
54006,10,100
54007,29,100
54009,3,100
54010,20,100
54011,15,100
54014,25,100
54015,8,100
54016,14,100
54019,29,100
54022,29,100
54023,3,100
54024,29,100
54025,20,100
54027,3,100
54035,13,100
54036,3,100
54037,3,100
54038,28,100
54041,29,100
54042,11,100
54044,14,100
54046,0,100
54047,11,100
54049,10,100
54050,17,100
54052,3,100
54053,14,100
54054,3,100
54055,4,100
54060,3,100
54062,0,100
54064,1,100
54065,10,100
54066,0,100
54067,27,100
54069,16,100
54072,1,100
54073,10,100
54074,21,100
54075,21,100
54077,8,100
54084,1,100
54085,3,100
54088,3,100
54089,8,100
54092,10,100
54099,3,100
54101,4,100
54102,31,100
54103,3,100
54105,15,100
54106,4,100
54107,29,100
54109,22,100
54111,7,100
54113,22,100
54114,10,100
54116,15,100
54117,22,100
54119,3,100
54121,8,100
54123,15,100
54125,0,100
54126,11,100
54127,27,100
54128,16,100
54129,1,100
54132,22,100
54134,3,100
54137,29,100
54141,27,100
54143,0,100
54147,0,100
54148,25,100
54151,11,100
54153,25,100
54155,16,100
54156,13,100
54158,1,100
54159,8,100
54161,21,100
54162,28,100
54163,1,100
54166,27,100
54167,16,100
54168,11,100
54170,4,100
54171,14,100
54172,11,100
54174,25,100
54175,11,100
54177,16,100
54178,8,100
54179,29,100
54180,13,100
54185,0,100
54186,25,100
54187,27,100
54188,16,100
54190,13,100
54191,8,100
54192,7,100
54193,9,100
54194,0,100
54196,15,100
54197,0,100
54198,13,100
54201,9,100
54204,9,100
54206,12,100
54207,9,100
54208,9,100
54212,30,100
54214,2,100
54216,13,100
54217,24,100
54221,18,100
54223,21,100
54224,26,100
54227,10,100
54228,18,100
54229,24,100
54230,18,100
54231,6,100
54233,21,100
54234,10,100
54239,6,100
54241,12,100
54242,20,100
54244,12,100
54246,18,100
54247,24,100
54257,9,100
54258,10,100
54259,5,100
54260,5,100
54262,18,100
54263,12,100
54264,13,100
54266,19,100
54267,12,100
54270,21,100
54271,12,100
54272,6,100
54274,0,100
54275,25,100
54276,18,100
54277,9,100
54279,9,100
54283,9,100
54284,9,100
54286,0,100
54291,30,100
54292,12,100
54293,17,100
54295,24,100
54296,17,100
54297,24,100
54298,6,100
54299,22,100
54300,14,100
54301,24,100
54303,5,100
54305,23,100
54307,31,100
54308,19,100
54314,25,100
54315,22,100
54317,25,100
54321,7,100
54323,23,100
54326,25,100
54328,21,100
54331,25,100
54332,17,100
54335,5,100
54338,12,100
54342,11,100
54343,16,100
54344,25,100
54347,3,100
54349,6,100
54350,25,100
54352,19,100
54356,12,100
54357,4,100
54358,25,100
54360,21,100
54363,22,100
54364,10,100
54365,23,100
54366,23,100
54367,1,100
54368,22,100
54370,14,100
54371,23,100
54372,17,100
54373,28,100
54374,25,100
54375,31,100
54378,23,100
54379,15,100
54381,7,100
54382,12,100
54385,3,100
54389,17,100
54390,17,100
54392,22,100
54393,24,100
54396,22,100
54398,28,100
54402,27,100
54403,1,100
54405,3,100
54406,3,100
54408,14,100
54409,11,100
54411,6,100
54413,7,100
54415,28,100
54416,24,100
54417,21,100
54419,13,100
54420,7,100
54422,6,100
54423,16,100
54424,25,100
54425,25,100
54426,25,100
54427,4,100
54429,25,100
54432,17,100
54434,25,100
54436,25,100
54438,14,100
54439,23,100
54440,28,100
54442,3,100
54443,27,100
54444,16,100
54446,25,100
54448,3,100
54449,28,100
54450,23,100
54451,20,100
54452,23,100
54456,8,100
54458,13,100
54461,31,100
54464,15,100
54465,15,100
54466,27,100
54468,11,100
54472,5,100
54474,28,100
54475,7,100
54481,17,100
54482,6,100
54483,6,100
54484,21,100
54485,14,100
54487,0,100
54489,25,100
54491,22,100
54493,25,100
54494,3,100
54495,3,100
54496,3,100
54498,11,100
54500,29,100
54502,26,100
54503,25,100
54506,28,100
54507,4,100
54508,21,100
54509,13,100
54511,24,100
54516,24,100
54517,0,100
54519,1,100
54521,11,100
54522,16,100
54525,24,100
54527,13,100
54529,19,100
54531,8,100
54533,28,100
54536,21,100
54537,5,100
54538,31,100
54539,20,100
54540,29,100
54541,31,100
54543,8,100
54547,24,100
54548,28,100
54549,5,100
54550,13,100
54552,27,100
54559,6,100
54562,19,100
54563,16,100
54568,0,100
54570,27,100
54571,16,100
54572,25,100
54573,15,100
54574,8,100
54577,16,100
54579,1,100
54580,1,100
54581,8,100
54584,7,100
54585,31,100
54586,2,100
54589,31,100
54591,27,100
54593,7,100
54594,30,100
54595,29,100
54597,0,100
54599,16,100
54603,26,100
54605,0,100
54608,12,100
54609,2,100
54611,14,100
54614,22,100
54618,20,100
54619,22,100
54621,31,100
54622,14,100
54623,29,100
54625,9,100
54627,30,100
54629,9,100
54631,20,100
54634,20,100
54635,9,100
54637,1,100
54640,10,100
54642,1,100
54647,10,100
54650,21,100
54651,9,100
54652,26,100
54653,25,100
54655,6,100
54656,6,100
54657,28,100
54658,24,100
54660,29,100
54661,28,100
54662,4,100
54663,21,100
54665,14,100
54667,17,100
54668,0,100
54670,3,100
54671,3,100
54674,20,100
54676,25,100
54677,25,100
54678,25,100
54683,17,100
54684,15,100
54685,3,100
54687,24,100
54690,14,100
54692,23,100
54695,26,100
54696,19,100
54700,25,100
54701,25,100
54702,19,100
54705,4,100
54706,25,100
54707,17,100
54709,21,100
54713,10,100
54717,25,100
54719,1,100
54723,0,100
54724,15,100
54725,15,100
54726,3,100
54727,8,100
54728,21,100
54729,21,100
54730,25,100
54731,0,100
54732,5,100
54735,7,100
54736,14,100
54737,26,100
54741,31,100
54742,2,100
54743,20,100
54744,20,100
54746,14,100
54749,25,100
54750,22,100
54751,20,100
54752,8,100
54753,28,100
54755,22,100
54759,13,100
54760,20,100
54762,22,100
54764,0,100
54767,1,100
54769,17,100
54770,11,100
54773,25,100
54776,23,100
54778,17,100
54779,11,100
54782,19,100
54783,3,100
54785,16,100
54787,19,100
54788,17,100
54789,25,100
54791,13,100
54792,8,100
54794,29,100
54798,3,100
54803,10,100
54804,0,100
54805,19,100
54806,3,100
54807,7,100
54809,16,100
54810,19,100
54811,19,100
54813,22,100
54814,1,100
54815,11,100
54817,14,100
54819,11,100
54825,0,100
54828,3,100
54829,27,100
54831,12,100
54832,14,100
54835,17,100
54837,23,100
54839,29,100
54844,22,100
54846,20,100
54853,3,100
54854,16,100
54855,20,100
54859,14,100
54861,11,100
54864,24,100
54865,25,100
54866,20,100
54868,23,100
54870,31,100
54872,22,100
54873,29,100
54874,13,100
54876,1,100
54877,0,100
54881,14,100
54882,21,100
54883,21,100
54885,25,100
54887,1,100
54889,0,100
54891,16,100
54893,1,100
54894,11,100
54896,13,100
54897,24,100
54898,8,100
54899,1,100
54900,22,100
54901,22,100
54902,15,100
54903,1,100
54904,31,100
54905,24,100
54906,15,100
54907,18,100
54908,7,100
54910,5,100
54914,26,100
54915,23,100
54919,25,100
54920,24,100
54922,26,100
54925,7,100
54926,14,100
54930,1,100
54931,14,100
54932,22,100
54934,4,100
54938,17,100
54939,20,100
54940,19,100
54944,16,100
54945,19,100
54948,10,100
54949,11,100
54950,24,100
54952,1,100
54953,24,100
54954,6,100
54955,14,100
54956,11,100
54958,0,100
54959,27,100
54960,16,100
54963,1,100
54964,11,100
54966,28,100
54972,12,100
54974,24,100
54977,14,100
54980,0,100
54981,11,100
54982,16,100
54983,11,100
54985,15,100
54988,21,100
54992,31,100
54993,8,100
54996,14,100
54997,29,100
54998,10,100
54999,20,100
55002,10,100
55004,29,100
55005,13,100
55009,23,100
55010,14,100
55012,13,100
55018,23,100
55022,22,100
55023,18,100
55024,14,100
55025,0,100
55028,0,100
55033,15,100
55035,25,100
55039,16,100
55040,0,100
55042,22,100
55045,29,100
55050,1,100
55051,1,100
55053,18,100
55056,11,100
55057,8,100
55060,0,100
55064,25,100
55065,16,100
55066,28,100
55067,20,100
55068,0,100
55073,28,100
55074,0,100
55075,15,100
55079,11,100
55080,14,100
55081,0,100
55085,12,100
55086,0,100
55088,0,100
55091,26,100
55093,12,100
55094,14,100
55095,18,100
55098,9,100
55100,10,100
55101,1,100
55105,0,100
55108,18,100
55112,0,100
55115,15,100
55116,22,100
55117,22,100
55118,15,100
55125,5,100
55132,18,100
55135,15,100
55136,31,100
55137,15,100
55138,3,100
55139,22,100
55140,22,100
55141,0,100
55142,12,100
55143,18,100
55144,25,100
55145,12,100
55148,22,100
55151,8,100
55154,23,100
55156,11,100
55157,18,100
55163,8,100
55164,12,100
55166,22,100
55167,0,100
55169,6,100
55170,0,100
55172,0,100
55173,0,100
55174,0,100
55177,0,100
55179,15,100
55181,0,100
55183,12,100
55187,18,100
55190,30,100
55191,18,100
55193,18,100
55194,18,100
55196,18,100
55198,24,100
55199,18,100
55201,22,100
55202,9,100
55203,22,100
55207,18,100
55212,5,100
55213,22,100
55217,18,100
55218,18,100
55219,30,100
55222,5,100
55223,18,100
55225,18,100
55226,21,100
55227,0,100
55231,18,100
55232,18,100
55234,18,100
55238,18,100
55239,18,100
55242,25,100
55245,18,100
55250,18,100
55252,24,100
55254,25,100
55259,20,100
55260,18,100
55263,24,100
55265,18,100
55266,13,100
55272,12,100
55273,24,100
55274,18,100
55275,15,100
55281,18,100
55285,15,100
55286,13,100
55287,11,100
55288,8,100
55289,29,100
55291,24,100
55292,30,100
55293,22,100
55295,7,100
55297,24,100
55299,8,100
55302,1,100
55303,22,100
55306,18,100
55307,6,100
55310,18,100
55314,18,100
55315,18,100
55317,18,100
55320,1,100
55321,18,100
55322,25,100
55325,22,100
55328,18,100
55334,17,100
55338,3,100
55339,19,100
55340,19,100
55341,14,100
55343,5,100
55345,17,100
55346,19,100
55347,13,100
55348,14,100
55349,23,100
55353,13,100
55354,17,100
55356,22,100
55358,13,100
55359,29,100
55360,10,100
55363,7,100
55364,14,100
55367,17,100
55369,17,100
55370,17,100
55373,11,100
55374,23,100
55375,17,100
55376,6,100
55377,20,100
55379,10,100
55380,17,100
55382,17,100
55383,13,100
55384,8,100
55385,26,100
55386,13,100
55389,18,100
55391,17,100
55394,17,100
55395,29,100
55396,13,100
55397,17,100
55399,13,100
55400,3,100
55403,3,100
55404,3,100
55405,7,100
55407,3,100
55408,15,100
55410,3,100
55411,3,100
55414,3,100
55417,19,100
55418,11,100
55422,17,100
55423,13,100
55425,29,100
55428,22,100
55431,13,100
55434,13,100
55435,13,100
55440,8,100
55442,13,100
55445,2,100
55446,17,100
55447,13,100
55449,13,100
55451,17,100
55454,25,100
55455,14,100
55456,24,100
55457,13,100
55458,13,100
55459,25,100
55462,17,100
55463,0,100
55465,3,100
55469,11,100
55470,3,100
55472,17,100
55473,25,100
55475,17,100
55478,13,100
55481,13,100
55484,13,100
55487,25,100
55488,13,100
55489,13,100
55490,14,100
55492,13,100
55493,13,100
55494,13,100
55495,25,100
55496,14,100
55497,22,100
55500,13,100
55503,14,100
55510,25,100
55515,14,100
55516,29,100
55518,10,100
55519,10,100
55520,13,100
55521,10,100
55523,31,100
55524,25,100
55525,21,100
55526,22,100
55528,13,100
55529,11,100
55530,17,100
55531,24,100
55532,3,100
55534,24,100
55536,3,100
55537,0,100
55538,0,100
55539,3,100
55540,27,100
55542,17,100
55543,1,100
55545,21,100
55548,25,100
55551,17,100
55552,29,100
55555,22,100
55558,13,100
55559,24,100
55560,20,100
55562,25,100
55563,28,100
55564,8,100
55567,17,100
55572,10,100
55574,10,100
55575,10,100
55576,13,100
55579,22,100
55580,10,100
55582,13,100
55583,8,100
55586,13,100
55589,10,100
55590,19,100
55592,0,100
55593,3,100
55594,19,100
55599,16,100
55602,13,100
55603,19,100
55605,13,100
55607,22,100
55608,8,100
55613,25,100
55616,10,100
55624,13,100
55626,25,100
55628,19,100
55629,27,100
55632,11,100
55634,10,100
55635,1,100
55638,8,100
55640,13,100
55641,13,100
55642,24,100
55644,13,100
55646,14,100
55647,13,100
55649,22,100
55650,13,100
55655,8,100
55657,22,100
55660,8,100
55662,10,100
55663,29,100
55664,8,100
55666,29,100
55667,13,100
55670,3,100
55671,0,100
55672,19,100
55675,19,100
55676,11,100
55678,17,100
55682,22,100
55683,14,100
55684,8,100
55686,13,100
55688,29,100
55694,24,100
55695,17,100
55697,19,100
55699,0,100
55703,11,100
55705,8,100
55706,7,100
55707,14,100
55708,1,100
55717,13,100
55719,11,100
55722,8,100
55724,3,100
55725,17,100
55726,29,100
55727,28,100
55730,13,100
55732,8,100
55736,29,100
55737,10,100
55740,17,100
55741,23,100
55742,19,100
55743,19,100
55747,13,100
55749,21,100
55750,17,100
55756,16,100
55759,14,100
55762,17,100
55765,0,100
55767,11,100
55768,16,100
55769,25,100
55772,27,100
55774,16,100
55776,11,100
55777,8,100
55780,21,100
55783,29,100
55784,19,100
55787,11,100
55788,11,100
55789,1,100
55790,13,100
55791,13,100
55793,18,100
55794,11,100
55795,11,100
55796,8,100
55799,19,100
55800,22,100
55801,29,100
55802,8,100
55804,8,100
55806,22,100
55815,13,100
55816,12,100
55821,18,100
55824,13,100
55825,18,100
55827,18,100
55832,13,100
55834,4,100
55836,13,100
55837,0,100
55838,15,100
55840,3,100
55843,24,100
55844,16,100
55845,14,100
55846,11,100
55847,20,100
55849,29,100
55851,12,100
55853,18,100
55854,25,100
55855,13,100
55857,11,100
55858,18,100
55861,18,100
55862,18,100
55865,0,100
55866,27,100
55867,13,100
55870,24,100
55874,10,100
55875,24,100
55876,30,100
55879,18,100
55882,18,100
55884,13,100
55886,13,100
55887,22,100
55888,8,100
55889,18,100
55893,18,100
55895,18,100
55899,18,100
55903,18,100
55905,22,100
55907,22,100
55908,15,100
55917,18,100
55921,15,100
55923,18,100
55925,22,100
55926,18,100
55927,22,100
55929,18,100
55930,18,100
55932,15,100
55933,22,100
55937,22,100
55938,13,100
55939,25,100
55940,18,100
55944,18,100
55948,0,100
55949,18,100
55950,18,100
55952,18,100
55953,10,100
55955,18,100
55960,22,100
55962,21,100
55964,12,100
55968,13,100
55969,18,100
55970,30,100
55972,18,100
55973,18,100
55974,13,100
55976,1,100
55977,18,100
55978,13,100
55979,21,100
55980,13,100
55981,28,100
55984,1,100
55986,24,100
55987,1,100
55988,1,100
55990,18,100
55993,18,100
55995,18,100
55996,18,100
55997,18,100
56000,18,100
56001,14,100
56002,31,100
56007,17,100
56008,17,100
56009,17,100
56011,0,100
56013,25,100
56014,7,100
56016,17,100
56018,3,100
56019,15,100
56021,3,100
56024,19,100
56027,25,100
56028,4,100
56029,6,100
56031,13,100
56033,17,100
56034,17,100
56036,17,100
56037,25,100
56038,17,100
56039,17,100
56040,21,100
56041,21,100
56043,22,100
56047,17,100
56048,25,100
56051,8,100
56054,13,100
56055,22,100
56056,7,100
56059,15,100
56062,10,100
56065,17,100
56066,23,100
56067,17,100
56069,17,100
56070,17,100
56072,8,100
56073,17,100
56075,17,100
56077,24,100
56079,5,100
56080,13,100
56082,23,100
56083,29,100
56084,6,100
56085,10,100
56089,8,100
56090,3,100
56097,13,100
56098,20,100
56100,1,100
56101,10,100
56103,14,100
56104,6,100
56106,0,100
56107,19,100
56110,18,100
56111,18,100
56113,16,100
56114,14,100
56118,7,100
56119,31,100
56124,14,100
56127,31,100
56128,28,100
56129,14,100
56130,10,100
56134,31,100
56135,29,100
56136,29,100
56137,6,100
56139,20,100
56140,29,100
56142,25,100
56145,21,100
56146,22,100
56155,7,100
56156,8,100
56157,24,100
56158,17,100
56161,12,100
56163,17,100
56164,23,100
56166,20,100
56167,26,100
56168,3,100
56169,0,100
56171,19,100
56175,31,100
56177,1,100
56180,17,100
56181,4,100
56182,4,100
56183,20,100
56185,22,100
56186,1,100
56187,10,100
56189,6,100
56190,21,100
56191,20,100
56192,17,100
56197,8,100
56199,25,100
56201,21,100
56204,31,100
56205,27,100
56208,4,100
56211,8,100
56212,12,100
56213,31,100
56214,31,100
56216,22,100
56217,8,100
56219,25,100
56220,8,100
56222,10,100
56223,10,100
56225,6,100
56229,7,100
56230,25,100
56231,24,100
56236,1,100
56237,28,100
56239,27,100
56242,25,100
56244,29,100
56245,13,100
56246,25,100
56248,1,100
56252,28,100
56255,2,100
56259,22,100
56261,14,100
56262,19,100
56265,17,100
56266,28,100
56267,5,100
56272,7,100
56274,27,100
56275,29,100
56277,4,100
56279,22,100
56281,19,100
56283,25,100
56285,2,100
56286,29,100
56287,6,100
56288,5,100
56290,28,100
56293,25,100
56295,7,100
56296,19,100
56299,7,100
56300,27,100
56301,14,100
56302,21,100
56303,0,100
56304,10,100
56311,4,100
56312,6,100
56320,7,100
56322,29,100
56323,19,100
56324,19,100
56328,1,100
56330,22,100
56331,6,100
56334,4,100
56335,1,100
56336,20,100
56337,1,100
56338,20,100
56340,10,100
56343,13,100
56345,0,100
56346,1,100
56347,21,100
56348,27,100
56349,22,100
56351,20,100
56352,2,100
56353,19,100
56355,14,100
56357,22,100
56359,10,100
56362,19,100
56364,31,100
56367,21,100
56368,25,100
56370,29,100
56374,25,100
56375,19,100
56376,25,100
56379,6,100
56380,1,100
56383,24,100
56384,1,100
56385,8,100
56386,1,100
56391,0,100
56393,16,100
56394,14,100
56404,25,100
56405,19,100
56407,10,100
56409,2,100
56410,1,100
56412,1,100
56413,10,100
56417,4,100
56418,22,100
56419,1,100
56420,19,100
56421,10,100
56423,10,100
56424,1,100
56426,29,100
56427,6,100
56429,25,100
56431,4,100
56432,1,100
56434,4,100
56442,30,100
56443,23,100
56444,25,100
56445,23,100
56448,30,100
56449,17,100
56451,4,100
56452,2,100
56454,29,100
56455,0,100
56456,7,100
56457,27,100
56458,16,100
56459,4,100
56460,4,100
56461,1,100
56462,10,100
56464,29,100
56466,17,100
56468,21,100
56474,12,100
56475,6,100
56476,6,100
56477,25,100
56483,10,100
56484,25,100
56486,2,100
56487,2,100
56489,14,100
56495,29,100
56496,22,100
56497,10,100
56498,23,100
56502,1,100
56504,29,100
56506,20,100
56507,19,100
56508,12,100
56509,19,100
56512,8,100
56514,19,100
56515,30,100
56517,29,100
56518,14,100
56519,12,100
56520,3,100
56522,29,100
56524,1,100
56528,29,100
56530,1,100
56533,7,100
56534,29,100
56537,21,100
56538,29,100
56540,6,100
56542,29,100
56544,22,100
56545,7,100
56546,13,100
56554,29,100
56555,25,100
56557,29,100
56559,21,100
56560,21,100
56562,4,100
56564,10,100
56566,29,100
56567,7,100
56571,1,100
56576,5,100
56579,19,100
56580,19,100
56581,19,100
56584,10,100
56587,29,100
56590,12,100
56593,29,100
56595,29,100
56596,7,100
56598,31,100
56599,12,100
56601,11,100
56602,4,100
56603,10,100
56604,19,100
56606,5,100
56608,5,100
56609,29,100
56610,29,100
56612,24,100
56613,17,100
56616,5,100
56617,5,100
56619,5,100
56621,8,100
56626,0,100
56629,19,100
56631,2,100
56634,13,100
56637,22,100
56640,19,100
56642,19,100
56645,22,100
56646,29,100
56647,2,100
56649,19,100
56650,4,100
56651,19,100
56653,0,100
56654,19,100
56656,4,100
56658,19,100
56659,0,100
56660,19,100
56662,4,100
56666,10,100
56667,2,100
56668,12,100
56669,2,100
56671,7,100
56672,29,100
56673,0,100
56674,2,100
56675,7,100
56678,25,100
56684,2,100
56685,15,100
56687,25,100
56688,10,100
56689,8,100
56691,8,100
56692,15,100
56694,2,100
56695,1,100
56696,19,100
56703,10,100
56705,25,100
56706,21,100
56708,21,100
56709,25,100
56710,4,100
56711,1,100
56712,22,100
56713,19,100
56716,7,100
56717,19,100
56719,20,100
56721,31,100
56723,7,100
56727,20,100
56728,21,100
56729,19,100
56732,20,100
56734,25,100
56736,8,100
56737,25,100
56740,19,100
56742,20,100
56743,25,100
56744,3,100
56745,0,100
56748,21,100
56749,12,100
56752,19,100
56753,27,100
56755,8,100
56756,19,100
56757,19,100
56760,19,100
56761,0,100
56762,19,100
56765,22,100
56766,20,100
56767,21,100
56770,29,100
56773,0,100
56774,27,100
56775,1,100
56777,5,100
56778,1,100
56780,25,100
56781,28,100
56783,31,100
56785,5,100
56789,13,100
56791,5,100
56794,5,100
56796,29,100
56797,17,100
56798,19,100
56801,19,100
56803,6,100
56814,1,100
56817,27,100
56818,6,100
56821,19,100
56823,20,100
56824,25,100
56825,25,100
56826,12,100
56828,21,100
56829,14,100
56832,0,100
56833,19,100
56834,6,100
56836,20,100
56837,19,100
56838,2,100
56839,12,100
56841,5,100
56842,19,100
56845,28,100
56847,12,100
56853,6,100
56854,8,100
56855,22,100
56856,4,100
56859,1,100
56860,22,100
56861,7,100
56863,22,100
56867,8,100
56870,14,100
56871,13,100
56874,8,100
56876,29,100
56877,29,100
56883,13,100
56890,7,100
56891,28,100
56894,10,100
56897,31,100
56900,25,100
56904,25,100
56905,15,100
56906,8,100
56907,12,100
56909,22,100
56910,1,100
56913,5,100
56916,15,100
56917,18,100
56926,10,100
56927,24,100
56928,20,100
56930,13,100
56931,6,100
56932,29,100
56933,13,100
56934,4,100
56935,13,100
56937,28,100
56939,28,100
56940,1,100
56941,13,100
56943,18,100
56944,22,100
56945,1,100
56946,22,100
56948,2,100
56952,26,100
56954,13,100
56956,19,100
56957,13,100
56962,6,100
56966,6,100
56968,24,100
56969,13,100
56970,24,100
56978,25,100
56983,25,100
56988,10,100
56990,1,100
56992,12,100
56996,13,100
56998,20,100
57001,9,100
57002,24,100
57006,24,100
57007,11,100
57008,2,100
57011,20,100
57015,19,100
57018,21,100
57019,24,100
57020,24,100
57023,24,100
57025,20,100
57030,19,100
57031,12,100
57034,21,100
57036,24,100
57037,28,100
57038,24,100
57040,8,100
57044,17,100
57045,28,100
57046,24,100
57047,6,100
57048,8,100
57049,29,100
57050,24,100
57051,26,100
57053,5,100
57054,5,100
57057,17,100
57058,24,100
57059,4,100
57060,17,100
57063,25,100
57066,3,100
57067,27,100
57068,28,100
57069,25,100
57070,10,100
57071,22,100
57073,24,100
57076,11,100
57077,0,100
57078,14,100
57082,25,100
57084,20,100
57085,14,100
57086,26,100
57088,23,100
57090,0,100
57092,16,100
57094,14,100
57095,23,100
57096,23,100
57097,23,100
57098,1,100
57099,10,100
57100,23,100
57101,22,100
57102,11,100
57105,16,100
57106,14,100
57111,4,100
57112,24,100
57113,11,100
57116,0,100
57117,2,100
57118,27,100
57122,22,100
57123,6,100
57126,10,100
57127,25,100
57128,26,100
57129,20,100
57131,11,100
57136,1,100
57137,1,100
57139,7,100
57140,4,100
57143,22,100
57144,13,100
57145,0,100
57151,14,100
57152,11,100
57157,20,100
57159,27,100
57160,16,100
57161,21,100
57164,10,100
57165,14,100
57166,5,100
57168,21,100
57171,7,100
57173,17,100
57176,0,100
57177,27,100
57179,14,100
57180,14,100
57181,21,100
57182,7,100
57186,17,100
57188,14,100
57192,6,100
57195,4,100
57200,27,100
57208,16,100
57209,31,100
57212,29,100
57213,19,100
57215,0,100
57216,14,100
57217,14,100
57218,7,100
57220,0,100
57222,19,100
57224,20,100
57227,29,100
57231,8,100
57234,3,100
57236,13,100
57237,10,100
57242,8,100
57243,4,100
57246,6,100
57249,31,100
57252,21,100
57258,13,100
57259,0,100
57261,18,100
57269,7,100
57270,8,100
57271,18,100
57273,8,100
57274,13,100
57280,12,100
57281,8,100
57282,18,100
57283,18,100
57286,0,100
57288,27,100
57289,14,100
57292,14,100
57293,25,100
57296,9,100
57297,0,100
57299,13,100
57301,3,100
57303,22,100
57309,18,100
57310,0,100
57311,18,100
57312,12,100
57313,18,100
57316,18,100
57317,29,100
57318,4,100
57319,18,100
57322,18,100
57323,8,100
57328,8,100
57329,8,100
57330,25,100
57332,18,100
57334,18,100
57335,18,100
57337,22,100
57339,0,100
57340,15,100
57341,12,100
57342,12,100
57343,3,100
57345,18,100
57347,13,100
57348,13,100
57349,13,100
57351,7,100
57354,12,100
57355,18,100
57356,12,100
57359,15,100
57360,7,100
57361,20,100
57362,5,100
57363,3,100
57365,0,100
57368,27,100
57369,14,100
57370,1,100
57374,23,100
57375,5,100
57376,20,100
57377,29,100
57379,5,100
57380,0,100
57383,16,100
57385,1,100
57386,28,100
57387,29,100
57390,5,100
57394,29,100
57397,7,100
57400,0,100
57401,1,100
57404,12,100
57406,12,100
57408,0,100
57412,12,100
57413,22,100
57416,1,100
57419,6,100
57420,13,100
57421,25,100
57422,31,100
57424,14,100
57425,5,100
57430,5,100
57431,31,100
57432,25,100
57434,0,100
57436,7,100
57437,27,100
57438,0,100
57444,4,100
57445,25,100
57446,12,100
57447,1,100
57448,26,100
57451,22,100
57452,13,100
57453,26,100
57459,29,100
57460,14,100
57461,25,100
57462,14,100
57463,10,100
57466,1,100
57469,7,100
57471,29,100
57472,7,100
57474,6,100
57476,19,100
57478,4,100
57481,4,100
57482,24,100
57484,19,100
57486,24,100
57488,8,100
57489,6,100
57490,24,100
57491,25,100
57495,5,100
57497,19,100
57501,28,100
57503,13,100
57504,24,100
57506,7,100
57507,22,100
57508,14,100
57510,24,100
57511,24,100
57512,29,100
57513,13,100
57515,29,100
57516,25,100
57517,1,100
57523,19,100
57524,19,100
57525,20,100
57526,31,100
57528,7,100
57533,14,100
57534,5,100
57536,5,100
57537,4,100
57540,2,100
57543,2,100
57546,19,100
57551,5,100
57552,31,100
57553,26,100
57555,4,100
57556,21,100
57559,17,100
57561,20,100
57565,5,100
57566,20,100
57568,17,100
57570,28,100
57575,31,100
57576,30,100
57577,30,100
57578,23,100
57579,23,100
57581,30,100
57582,30,100
57583,30,100
57586,15,100
57588,30,100
57592,3,100
57598,25,100
57599,17,100
57601,7,100
57604,14,100
57605,19,100
57606,23,100
57610,25,100
57611,23,100
57613,25,100
57617,10,100
57618,10,100
57621,10,100
57622,23,100
57624,6,100
57625,25,100
57626,25,100
57627,19,100
57628,19,100
57629,12,100
57630,25,100
57633,7,100
57634,10,100
57636,25,100
57640,6,100
57641,26,100
57642,0,100
57643,27,100
57644,16,100
57646,30,100
57648,5,100
57650,25,100
57651,25,100
57652,18,100
57657,16,100
57659,28,100
57661,25,100
57663,24,100
57664,10,100
57665,6,100
57666,25,100
57667,25,100
57668,0,100
57669,31,100
57670,0,100
57671,7,100
57672,1,100
57673,26,100
57674,14,100
57675,5,100
57678,31,100
57680,0,100
57681,19,100
57682,31,100
57685,19,100
57686,19,100
57687,24,100
57689,25,100
57691,8,100
57695,1,100
57696,4,100
57697,2,100
57699,24,100
57700,1,100
57704,18,100
57706,29,100
57709,1,100
57710,24,100
57712,1,100
57715,13,100
57717,21,100
57718,12,100
57721,1,100
57723,26,100
57725,31,100
57729,19,100
57734,31,100
57736,22,100
57738,19,100
57739,12,100
57741,10,100
57742,31,100
57746,1,100
57747,10,100
57749,31,100
57750,29,100
57754,5,100
57756,25,100
57758,14,100
57759,0,100
57762,20,100
57763,21,100
57764,22,100
57765,22,100
57768,29,100
57770,31,100
57777,24,100
57778,22,100
57779,2,100
57780,19,100
57783,21,100
57787,19,100
57790,31,100
57792,22,100
57798,31,100
57800,2,100
57807,25,100
57808,9,100
57809,7,100
57810,31,100
57815,22,100
57816,22,100
57817,31,100
57818,20,100
57820,31,100
57821,31,100
57825,25,100
57827,27,100
57831,13,100
57833,12,100
57834,1,100
57835,12,100
57837,31,100
57838,6,100
57839,6,100
57842,31,100
57843,22,100
57844,31,100
57845,31,100
57846,25,100
57850,20,100
57855,8,100
57859,31,100
57860,31,100
57862,1,100
57864,22,100
57869,21,100
57870,2,100
57877,12,100
57878,26,100
57881,26,100
57882,29,100
57884,22,100
57887,29,100
57890,1,100
57891,31,100
57892,18,100
57896,29,100
57897,12,100
57898,31,100
57900,31,100
57901,9,100
57903,31,100
57904,20,100
57905,5,100
57909,31,100
57910,31,100
57912,31,100
57914,12,100
57915,29,100
57916,0,100
57917,22,100
57918,10,100
57919,22,100
57921,31,100
57922,31,100
57925,31,100
57927,31,100
57928,21,100
57930,31,100
57931,31,100
57933,20,100
57936,19,100
57938,6,100
57945,22,100
57946,1,100
57947,0,100
57950,8,100
57951,5,100
57952,20,100
57957,22,100
57958,1,100
57960,12,100
57967,31,100
57968,24,100
57969,31,100
57971,7,100
57972,29,100
57973,14,100
57974,18,100
57975,23,100
57976,31,100
57978,1,100
57979,0,100
57982,17,100
57984,12,100
57989,31,100
57990,17,100
57991,26,100
57992,31,100
57994,22,100
57996,31,100
57997,31,100
57998,22,100
58000,31,100
58003,22,100
58007,12,100
58010,1,100
58011,31,100
58012,31,100
58015,31,100
58018,29,100
58019,31,100
58021,31,100
58023,22,100
58030,12,100
58033,4,100
58034,29,100
58036,10,100
58037,31,100
58038,31,100
58039,20,100
58040,14,100
58041,18,100
58042,0,100
58044,31,100
58048,22,100
58050,1,100
58052,31,100
58055,3,100
58056,25,100
58057,2,100
58059,12,100
58060,31,100
58061,31,100
58062,15,100
58064,31,100
58069,1,100
58071,31,100
58072,31,100
58076,31,100
58077,1,100
58078,24,100
58079,9,100
58080,29,100
58082,22,100
58083,29,100
58085,20,100
58088,31,100
58089,31,100
58090,22,100
58091,29,100
58093,31,100
58094,18,100
58100,0,100
58101,9,100
58102,7,100
58106,0,100
58107,9,100
58109,25,100
58110,9,100
58111,20,100
58113,25,100
58114,18,100
58116,29,100
58118,29,100
58119,18,100
58120,18,100
58121,5,100
58124,29,100
58125,12,100
58127,15,100
58128,1,100
58129,29,100
58131,18,100
58134,29,100
58135,29,100
58138,25,100
58140,5,100
58143,18,100
58145,13,100
58149,10,100
58152,12,100
58154,4,100
58155,31,100
58156,31,100
58157,19,100
58158,28,100
58159,22,100
58162,14,100
58164,31,100
58165,31,100
58170,17,100
58173,28,100
58174,21,100
58178,19,100
58179,9,100
58180,29,100
58181,9,100
58183,25,100
58184,9,100
58189,8,100
58191,5,100
58193,13,100
58195,4,100
58196,0,100
58197,19,100
58198,25,100
58199,1,100
58200,0,100
58201,14,100
58202,12,100
58203,20,100
58205,19,100
58206,5,100
58207,1,100
58208,20,100
58210,12,100
58211,13,100
58214,5,100
58216,13,100
58218,25,100
58221,5,100
58222,13,100
58223,1,100
58227,8,100
58231,13,100
58233,28,100
58234,13,100
58237,8,100
58239,31,100
58240,13,100
58242,6,100
58244,15,100
58245,28,100
58250,15,100
58252,27,100
58254,28,100
58256,6,100
58257,14,100
58258,25,100
58262,21,100
58264,8,100
58267,6,100
58269,26,100
58270,25,100
58273,4,100
58275,5,100
58276,13,100
58280,1,100
58284,6,100
58286,0,100
58287,3,100
58288,19,100
58290,3,100
58291,27,100
58292,0,100
58294,6,100
58296,8,100
58297,8,100
58298,20,100
58299,10,100
58300,6,100
58302,7,100
58304,22,100
58306,26,100
58307,12,100
58309,19,100
58310,22,100
58311,14,100
58313,31,100
58316,24,100
58317,10,100
58318,7,100
58319,20,100
58320,7,100
58322,29,100
58324,12,100
58325,26,100
58331,25,100
58337,14,100
58338,20,100
58339,26,100
58341,8,100
58343,27,100
58344,20,100
58347,4,100
58349,25,100
58350,19,100
58351,12,100
58352,10,100
58355,6,100
58356,28,100
58357,10,100
58359,25,100
58361,24,100
58362,28,100
58364,28,100
58365,24,100
58366,25,100
58368,30,100
58370,28,100
58371,19,100
58372,19,100
58373,0,100
58374,29,100
58375,6,100
58377,3,100
58378,27,100
58379,7,100
58380,19,100
58381,21,100
58383,19,100
58385,4,100
58387,31,100
58388,25,100
58393,20,100
58395,26,100
58402,6,100
58403,22,100
58404,4,100
58405,26,100
58409,19,100
58410,6,100
58411,20,100
58412,0,100
58416,12,100
58417,7,100
58421,26,100
58424,4,100
58425,8,100
58427,13,100
58429,2,100
58430,8,100
58432,31,100
58435,31,100
58437,29,100
58439,31,100
58442,1,100
58448,19,100
58449,5,100
58452,7,100
58454,27,100
58455,16,100
58459,31,100
58460,31,100
58462,23,100
58463,26,100
58468,20,100
58469,0,100
58470,26,100
58471,24,100
58474,4,100
58477,20,100
58483,4,100
58484,26,100
58487,26,100
58488,1,100
58490,10,100
58492,19,100
58493,26,100
58494,14,100
58495,25,100
58496,5,100
58500,31,100
58501,27,100
58503,21,100
58505,6,100
58508,14,100
58509,1,100
58510,2,100
58511,13,100
58516,31,100
58518,10,100
58519,28,100
58522,21,100
58525,14,100
58526,8,100
58530,26,100
58532,30,100
58533,26,100
58534,26,100
58538,8,100
58539,21,100
58540,8,100
58545,19,100
58546,8,100
58549,31,100
58551,6,100
58553,5,100
58554,31,100
58555,31,100
58556,5,100
58558,19,100
58562,4,100
58563,14,100
58564,6,100
58567,3,100
58569,26,100
58572,19,100
58573,31,100
58575,16,100
58577,17,100
58583,22,100
58589,10,100
58591,8,100
58593,26,100
58599,7,100
58604,12,100
58605,26,100
58610,28,100
58614,25,100
58617,20,100
58619,31,100
58622,17,100
58623,17,100
58624,28,100
58625,17,100
58628,25,100
58629,26,100
58631,19,100
58632,7,100
58633,22,100
58634,8,100
58635,17,100
58637,20,100
58638,24,100
58640,8,100
58644,28,100
58646,26,100
58651,30,100
58652,2,100
58657,5,100
58658,23,100
58659,20,100
58662,8,100
58663,14,100
58664,23,100
58665,8,100
58666,23,100
58667,30,100
58668,28,100
58669,1,100
58670,26,100
58673,6,100
58674,12,100
58675,26,100
58678,26,100
58680,22,100
58681,20,100
58683,6,100
58684,26,100
58685,5,100
58686,30,100
58690,22,100
58691,8,100
58693,26,100
58695,31,100
58696,23,100
58698,31,100
58699,15,100
58700,3,100
58702,0,100
58705,12,100
58707,27,100
58708,4,100
58710,16,100
58713,31,100
58716,2,100
58717,19,100
58718,31,100
58721,13,100
58725,23,100
58727,19,100
58729,15,100
58731,25,100
58732,20,100
58736,8,100
58740,12,100
58743,26,100
58746,20,100
58747,8,100
58748,12,100
58750,6,100
58752,8,100
58753,6,100
58757,21,100
58758,22,100
58761,20,100
58767,22,100
58768,8,100
58771,30,100
58772,20,100
58774,30,100
58776,6,100
58777,25,100
58778,8,100
58779,30,100
58780,29,100
58781,6,100
58789,15,100
58790,27,100
58793,1,100
58794,4,100
58795,4,100
58797,13,100
58800,1,100
58801,22,100
58804,8,100
58805,24,100
58807,30,100
58808,14,100
58809,28,100
58811,7,100
58814,2,100
58815,2,100
58816,21,100
58818,25,100
58821,22,100
58825,12,100
58831,13,100
58832,12,100
58833,31,100
58834,0,100
58836,8,100
58837,14,100
58838,31,100
58839,19,100
58840,31,100
58842,31,100
58843,26,100
58845,23,100
58846,10,100
58848,31,100
58850,28,100
58853,31,100
58857,0,100
58863,6,100
58864,8,100
58868,8,100
58869,14,100
58873,30,100
58874,20,100
58875,12,100
58877,22,100
58878,31,100
58881,8,100
58883,20,100
58885,21,100
58887,5,100
58888,30,100
58889,30,100
58890,23,100
58891,28,100
58893,25,100
58895,25,100
58902,22,100
58903,21,100
58904,24,100
58907,30,100
58908,15,100
58909,24,100
58911,23,100
58912,14,100
58913,30,100
58917,26,100
58919,21,100
58924,3,100
58925,6,100
58930,7,100
58931,30,100
58932,3,100
58934,24,100
58937,5,100
58938,7,100
58939,7,100
58941,22,100
58946,10,100
58948,8,100
58950,25,100
58955,13,100
58961,22,100
58963,8,100
58964,26,100
58965,26,100
58966,14,100
58969,31,100
58970,28,100
58972,26,100
58974,7,100
58980,31,100
58982,1,100
58983,20,100
58987,23,100
58988,1,100
58991,26,100
58993,15,100
58994,12,100
58998,22,100
59000,20,100
59001,31,100
59005,25,100
59006,19,100
59007,14,100
59008,25,100
59009,26,100
59011,6,100
59012,25,100
59013,19,100
59017,8,100
59028,26,100
59029,5,100
59034,8,100
59036,9,100
59037,9,100
59038,10,100
59039,9,100
59041,0,100
59044,9,100
59050,6,100
59054,10,100
59057,22,100
59060,26,100
59061,19,100
59062,6,100
59065,10,100
59067,10,100
59068,26,100
59071,2,100
59073,15,100
59078,19,100
59080,23,100
59084,7,100
59086,31,100
59088,8,100
59091,25,100
59093,19,100
59096,6,100
59098,0,100
59100,29,100
59102,2,100
59103,27,100
59104,7,100
59105,16,100
59106,5,100
59107,7,100
59109,9,100
59110,10,100
59112,28,100
59116,1,100
59118,5,100
59122,18,100
59124,10,100
59127,23,100
59128,8,100
59134,25,100
59135,10,100
59137,21,100
59138,12,100
59139,22,100
59140,22,100
59141,0,100
59142,25,100
59144,20,100
59146,31,100
59147,12,100
59148,20,100
59149,19,100
59152,5,100
59153,31,100
59154,18,100
59157,0,100
59158,20,100
59159,15,100
59160,18,100
59161,22,100
59162,22,100
59166,22,100
59168,8,100
59170,3,100
59173,13,100
59176,26,100
59177,26,100
59178,18,100
59181,10,100
59186,31,100
59188,22,100
59192,12,100
59193,14,100
59194,18,100
59195,8,100
59200,24,100
59202,12,100
59203,25,100
59205,18,100
59206,25,100
59208,18,100
59209,7,100
59210,25,100
59211,18,100
59212,22,100
59218,18,100
59221,18,100
59224,18,100
59227,0,100
59230,18,100
59233,7,100
59236,7,100
59237,7,100
59239,14,100
59240,22,100
59242,10,100
59243,20,100
59244,3,100
59245,31,100
59248,22,100
59249,22,100
59250,14,100
59253,18,100
59255,12,100
59256,15,100
59259,0,100
59260,12,100
59265,18,100
59266,10,100
59268,22,100
59271,20,100
59276,22,100
59277,18,100
59279,31,100
59280,6,100
59281,18,100
59282,12,100
59284,21,100
59285,31,100
59288,6,100
59290,14,100
59291,5,100
59293,5,100
59294,14,100
59295,7,100
59296,31,100
59297,12,100
59298,18,100
59299,8,100
59302,18,100
59307,15,100
59308,8,100
59309,15,100
59310,18,100
59311,12,100
59313,31,100
59318,15,100
59320,24,100
59322,20,100
59323,21,100
59325,21,100
59326,24,100
59329,6,100
59333,18,100
59335,24,100
59338,6,100
59339,6,100
59340,20,100
59344,20,100
59345,12,100
59346,18,100
59348,26,100
59349,24,100
59352,12,100
59355,12,100
59357,8,100
59358,0,100
59359,20,100
59360,25,100
59362,5,100
59363,8,100
59364,18,100
59365,24,100
59366,20,100
59367,19,100
59368,19,100
59369,18,100
59370,20,100
59373,24,100
59374,8,100
59375,18,100
59377,14,100
59380,7,100
59381,31,100
59384,13,100
59385,18,100
59386,8,100
59387,10,100
59388,24,100
59390,6,100
59391,12,100
59392,12,100
59393,29,100
59394,8,100
59396,24,100
59400,6,100
59403,20,100
59404,14,100
59406,24,100
59409,24,100
59410,20,100
59411,1,100
59419,25,100
59420,6,100
59421,15,100
59425,2,100
59427,12,100
59428,6,100
59431,15,100
59433,21,100
59434,6,100
59435,21,100
59437,24,100
59438,19,100
59442,18,100
59445,18,100
59446,30,100
59447,13,100
59448,13,100
59450,12,100
59452,30,100
59455,24,100
59456,20,100
59457,5,100
59458,22,100
59463,4,100
59464,10,100
59465,10,100
59467,6,100
59471,24,100
59472,25,100
59475,12,100
59476,12,100
59477,20,100
59479,12,100
59480,14,100
59482,21,100
59490,19,100
59492,25,100
59493,19,100
59498,26,100
59499,24,100
59501,1,100
59504,30,100
59505,18,100
59506,21,100
59510,19,100
59511,9,100
59512,26,100
59513,15,100
59515,29,100
59517,7,100
59519,23,100
59521,7,100
59522,1,100
59523,24,100
59524,12,100
59525,5,100
59527,20,100
59528,18,100
59531,13,100
59532,13,100
59533,5,100
59535,24,100
59540,6,100
59541,24,100
59543,10,100
59545,4,100
59548,25,100
59553,7,100
59554,21,100
59558,25,100
59559,25,100
59561,25,100
59562,14,100
59563,19,100
59565,19,100
59569,7,100
59573,8,100
59576,13,100
59578,6,100
59579,29,100
59582,18,100
59583,18,100
59585,13,100
59586,13,100
59589,24,100
59590,12,100
59591,7,100
59597,6,100
59598,6,100
59599,12,100
59601,7,100
59604,25,100
59605,19,100
59609,19,100
59614,1,100
59616,31,100
59619,18,100
59620,25,100
59621,12,100
59623,8,100
59626,24,100
59627,6,100
59628,1,100
59631,12,100
59632,26,100
59636,18,100
59637,18,100
59639,21,100
59640,19,100
59641,19,100
59642,25,100
59644,2,100
59645,0,100
59646,26,100
59647,12,100
59649,18,100
59653,25,100
59654,6,100
59656,15,100
59657,18,100
59661,22,100
59662,31,100
59663,3,100
59666,25,100
59667,22,100
59672,1,100
59674,9,100
59678,25,100
59679,18,100
59680,6,100
59681,24,100
59684,10,100
59685,6,100
59686,28,100
59688,22,100
59689,24,100
59691,25,100
59692,1,100
59693,23,100
59695,19,100
59697,25,100
59699,1,100
59700,30,100
59702,24,100
59703,2,100
59705,12,100
59706,21,100
59708,30,100
59712,22,100
59713,13,100
59714,30,100
59716,21,100
59723,26,100
59725,20,100
59726,17,100
59728,24,100
59729,20,100
59731,21,100
59732,21,100
59733,21,100
59734,19,100
59740,30,100
59741,31,100
59743,6,100
59744,25,100
59745,5,100
59748,28,100
59752,26,100
59755,22,100
59759,31,100
59760,30,100
59761,6,100
59769,17,100
59770,7,100
59771,17,100
59775,4,100
59776,17,100
59777,15,100
59779,25,100
59780,3,100
59781,17,100
59782,6,100
59785,21,100
59788,8,100
59793,7,100
59795,23,100
59800,7,100
59803,3,100
59804,12,100
59806,7,100
59808,3,100
59809,6,100
59813,20,100
59814,14,100
59815,25,100
59818,24,100
59820,13,100
59822,8,100
59824,5,100
59825,13,100
59826,24,100
59827,7,100
59828,22,100
59832,0,100
59833,11,100
59835,24,100
59836,3,100
59837,3,100
59841,7,100
59844,3,100
59845,21,100
59847,7,100
59852,3,100
59854,22,100
59856,17,100
59857,23,100
59859,6,100
59861,19,100
59862,25,100
59864,20,100
59865,6,100
59868,25,100
59873,22,100
59876,6,100
59878,13,100
59880,17,100
59881,7,100
59882,0,100
59885,11,100
59897,3,100
59898,15,100
59899,0,100
59904,29,100
59905,20,100
59906,23,100
59907,25,100
59908,7,100
59910,4,100
59911,26,100
59913,8,100
59914,21,100
59915,8,100
59918,31,100
59920,2,100
59922,17,100
59923,8,100
59925,25,100
59926,0,100
59927,11,100
59928,27,100
59929,15,100
59930,3,100
59932,3,100
59934,7,100
59942,3,100
59943,10,100
59944,3,100
59950,6,100
59955,20,100
59956,10,100
59957,7,100
59959,19,100
59960,13,100
59963,13,100
59964,21,100
59968,31,100
59970,10,100
59971,25,100
59972,3,100
59973,0,100
59974,27,100
59975,19,100
59982,3,100
59983,14,100
59985,7,100
59986,15,100
59987,10,100
59988,10,100
59989,14,100
59990,0,100
59992,19,100
59994,13,100
59995,19,100
59996,4,100
60001,7,100
60003,14,100
60005,11,100
60007,6,100
60008,14,100
60009,7,100
60013,3,100
60014,24,100
60015,0,100
60016,11,100
60017,27,100
60018,16,100
60020,22,100
60023,4,100
60025,3,100
60026,19,100
60033,10,100
60034,7,100
60036,3,100
60037,0,100
60039,17,100
60041,16,100
60042,15,100
60043,13,100
60052,19,100
60055,13,100
60056,4,100
60057,10,100
60059,17,100
60060,11,100
60065,1,100
60066,10,100
60073,7,100
60074,11,100
60075,25,100
60076,21,100
60079,21,100
60080,26,100
60081,0,100
60082,27,100
60086,13,100
60087,28,100
60088,17,100
60090,25,100
60093,21,100
60095,14,100
60097,4,100
60099,2,100
60105,11,100
60106,1,100
60111,13,100
60113,22,100
60116,4,100
60121,22,100
60125,17,100
60130,3,100
60132,3,100
60133,19,100
60134,22,100
60136,22,100
60137,8,100
60138,29,100
60141,13,100
60143,8,100
60144,20,100
60145,7,100
60146,17,100
60147,8,100
60150,17,100
60151,31,100
60152,19,100
60154,29,100
60157,29,100
60158,10,100
60163,0,100
60164,27,100
60165,28,100
60166,23,100
60168,16,100
60169,14,100
60170,14,100
60171,2,100
60172,5,100
60173,31,100
60176,25,100
60177,2,100
60181,6,100
60182,11,100
60183,6,100
60187,31,100
60190,27,100
60192,8,100
60193,20,100
60195,13,100
60198,6,100
60199,6,100
60202,0,100
60203,16,100
60205,25,100
60206,19,100
60212,18,100
60214,16,100
60215,25,100
60219,21,100
60220,28,100
60221,13,100
60223,20,100
60224,0,100
60225,24,100
60226,16,100
60227,3,100
60228,6,100
60230,4,100
60232,1,100
60234,20,100
60235,20,100
60239,5,100
60242,22,100
60243,23,100
60244,0,100
60246,25,100
60248,25,100
60249,24,100
60251,25,100
60253,15,100
60255,10,100
60257,6,100
60259,20,100
60260,10,100
60264,28,100
60265,30,100
60266,14,100
60268,0,100
60270,16,100
60273,8,100
60280,8,100
60283,0,100
60284,27,100
60286,1,100
60288,23,100
60290,21,100
60291,1,100
60292,28,100
60295,28,100
60296,20,100
60297,14,100
60299,9,100
60300,22,100
60305,24,100
60307,25,100
60310,8,100
60311,8,100
60316,5,100
60317,5,100
60319,25,100
60323,25,100
60326,6,100
60328,20,100
60330,9,100
60331,9,100
60337,31,100
60338,22,100
60339,31,100
60344,25,100
60347,31,100
60350,22,100
60351,10,100
60352,1,100
60353,31,100
60363,26,100
60365,31,100
60366,20,100
60367,20,100
60368,22,100
60370,31,100
60373,31,100
60374,1,100
60376,22,100
60377,31,100
60381,25,100
60382,24,100
60383,17,100
60386,13,100
60387,31,100
60392,22,100
60393,31,100
60395,12,100
60396,8,100
60397,29,100
60401,8,100
60402,31,100
60406,21,100
60407,31,100
60409,22,100
60412,8,100
60413,25,100
60414,22,100
60415,26,100
60416,10,100
60418,24,100
60419,8,100
60420,31,100
60421,8,100
60423,8,100
60426,31,100
60427,31,100
60429,29,100
60433,6,100
60435,2,100
60437,20,100
60439,9,100
60440,9,100
60441,9,100
60446,4,100
60448,26,100
60449,26,100
60450,31,100
60454,7,100
60455,7,100
60456,13,100
60457,24,100
60458,31,100
60459,31,100
60460,29,100
60462,14,100
60463,21,100
60467,24,100
60468,20,100
60471,13,100
60473,25,100
60476,4,100
60479,17,100
60485,17,100
60486,17,100
60487,19,100
60489,17,100
60490,17,100
60492,3,100
60493,23,100
60497,1,100
60498,4,100
60499,22,100
60502,4,100
60505,8,100
60507,4,100
60511,31,100
60513,17,100
60516,17,100
60517,17,100
60524,17,100
60525,10,100
60529,10,100
60534,4,100
60536,22,100
60537,4,100
60540,17,100
60541,14,100
60543,25,100
60546,28,100
60547,24,100
60549,21,100
60553,5,100
60557,25,100
60559,19,100
60564,26,100
60565,17,100
60567,10,100
60571,26,100
60573,17,100
60575,3,100
60579,21,100
60583,21,100
60590,25,100
60596,29,100
60597,26,100
60600,4,100
60601,6,100
60602,28,100
60604,28,100
60605,24,100
60607,19,100
60608,25,100
60612,24,100
60613,4,100
60619,7,100
60620,28,100
60621,20,100
60622,14,100
60625,25,100
60627,7,100
60628,17,100
60629,14,100
60636,0,100
60637,19,100
60638,19,100
60641,19,100
60643,17,100
60644,25,100
60648,8,100
60649,17,100
60651,17,100
60665,14,100
60670,14,100
60672,1,100
60674,4,100
60679,8,100
60680,25,100
60681,2,100
60682,2,100
60689,15,100
60691,7,100
60694,25,100
60697,17,100
60698,19,100
60699,6,100
60700,20,100
60701,10,100
60704,14,100
60705,20,100
60708,19,100
60711,3,100
60716,16,100
60717,19,100
60718,4,100
60720,28,100
60724,4,100
60725,6,100
60728,11,100
60730,14,100
60731,17,100
60732,21,100
60733,17,100
60735,14,100
60736,25,100
60738,31,100
60741,29,100
60743,1,100
60744,29,100
60745,25,100
60747,10,100
60751,10,100
60754,7,100
60755,25,100
60756,7,100
60757,10,100
60762,24,100
60764,25,100
60765,15,100
60767,4,100
60768,24,100
60769,10,100
60770,31,100
60773,25,100
60775,0,100
60777,12,100
60778,19,100
60779,3,100
60780,20,100
60781,22,100
60783,17,100
60785,20,100
60786,25,100
60788,25,100
60789,4,100
60790,0,100
60791,12,100
60793,29,100
60794,30,100
60798,25,100
60799,10,100
60801,30,100
60803,29,100
60804,21,100
60806,5,100
60807,25,100
60808,28,100
60812,6,100
60813,6,100
60816,29,100
60818,4,100
60821,14,100
60822,4,100
60826,25,100
60827,8,100
60828,8,100
60829,29,100
60830,17,100
60834,0,100
60836,15,100
60838,3,100
60841,3,100
60844,25,100
60845,2,100
60846,14,100
60849,13,100
60853,8,100
60855,20,100
60856,20,100
60860,4,100
60864,31,100
60866,14,100
60867,8,100
60868,25,100
60869,7,100
60870,5,100
60872,25,100
60875,25,100
60877,25,100
60879,10,100
60880,26,100
60881,6,100
60882,8,100
60884,10,100
60885,22,100
60889,22,100
60893,27,100
60894,15,100
60897,10,100
60898,11,100
60899,25,100
60900,18,100
60901,10,100
60902,29,100
60906,1,100
60907,19,100
60909,31,100
60912,24,100
60913,25,100
60915,29,100
60923,4,100
60925,1,100
60927,24,100
60928,10,100
60929,14,100
60932,26,100
60933,14,100
60936,25,100
60937,31,100
60943,11,100
60944,20,100
60947,26,100
60949,25,100
60956,17,100
60958,13,100
60959,8,100
60960,20,100
60965,29,100
60966,14,100
60968,31,100
60969,15,100
60970,29,100
60971,20,100
60975,10,100
60976,13,100
60979,25,100
60980,4,100
60981,22,100
60983,14,100
60984,10,100
60986,24,100
60987,13,100
60988,7,100
60989,20,100
60990,0,100
60994,2,100
60995,22,100
60996,27,100
60997,14,100
60999,19,100
61000,25,100
61002,22,100
61003,1,100
61004,11,100
61007,14,100
61008,22,100
61010,20,100
61011,17,100
61013,4,100
61014,10,100
61016,10,100
61017,17,100
61018,25,100
61019,14,100
61021,19,100
61024,19,100
61026,4,100
61027,31,100
61028,7,100
61029,11,100
61033,24,100
61034,4,100
61036,4,100
61038,22,100
61041,25,100
61042,20,100
61043,25,100
61051,26,100
61052,10,100
61057,25,100
61058,17,100
61060,17,100
61062,25,100
61066,10,100
61067,17,100
61069,17,100
61070,17,100
61073,3,100
61074,19,100
61077,20,100
61079,17,100
61089,14,100
61090,22,100
61091,13,100
61092,13,100
61094,29,100
61095,21,100
61101,8,100
61103,22,100
61105,21,100
61107,17,100
61111,25,100
61112,21,100
61115,20,100
61116,20,100
61117,20,100
61118,25,100
61119,20,100
61121,20,100
61123,10,100
61124,22,100
61125,19,100
61126,0,100
61127,3,100
61128,19,100
61129,3,100
61131,7,100
61132,25,100
61133,24,100
61136,5,100
61137,26,100
61139,17,100
61140,28,100
61141,6,100
61143,6,100
61145,28,100
61147,29,100
61148,25,100
61149,17,100
61150,20,100
61151,14,100
61152,25,100
61154,6,100
61162,23,100
61164,21,100
61165,17,100
61167,25,100
61168,4,100
61170,10,100
61171,25,100
61172,14,100
61174,25,100
61176,31,100
61179,14,100
61183,27,100
61184,16,100
61186,20,100
61188,25,100
61190,21,100
61191,6,100
61193,25,100
61194,20,100
61195,20,100
61197,8,100
61199,14,100
61200,29,100
61203,10,100
61204,4,100
61205,14,100
61206,19,100
61207,0,100
61209,27,100
61210,16,100
61211,10,100
61213,10,100
61214,4,100
61216,11,100
61218,14,100
61219,10,100
61222,14,100
61223,13,100
61225,20,100
61230,29,100
61231,1,100
61232,21,100
61233,10,100
61234,14,100
61235,24,100
61236,4,100
61237,1,100
61238,13,100
61239,1,100
61241,11,100
61242,16,100
61243,24,100
61244,20,100
61249,6,100
61251,20,100
61252,20,100
61253,11,100
61254,24,100
61257,26,100
61261,11,100
61266,20,100
61270,5,100
61275,24,100
61277,12,100
61278,12,100
61279,29,100
61280,22,100
61285,3,100
61287,6,100
61288,29,100
61290,22,100
61294,13,100
61296,29,100
61297,20,100
61298,4,100
61299,25,100
61302,16,100
61306,0,100
61307,15,100
61308,25,100
61309,0,100
61310,15,100
61316,0,100
61317,12,100
61318,12,100
61322,29,100
61325,3,100
61326,15,100
61327,15,100
61328,25,100
61329,2,100
61333,21,100
61334,18,100
61337,29,100
61341,14,100
61342,5,100
61343,4,100
61345,18,100
61347,14,100
61348,4,100
61352,12,100
61355,0,100
61356,4,100
61357,27,100
61361,25,100
61363,6,100
61364,14,100
61366,25,100
61369,11,100
61371,1,100
61372,1,100
61374,19,100
61375,11,100
61376,14,100
61384,19,100
61390,11,100
61392,14,100
61393,8,100
61395,8,100
61397,9,100
61398,8,100
61399,29,100
61400,20,100
61403,15,100
61405,15,100
61406,12,100
61408,8,100
61414,9,100
61418,18,100
61419,18,100
61425,18,100
61427,18,100
61432,10,100
61433,18,100
61435,1,100
61438,18,100
61442,13,100
61443,13,100
61448,9,100
61449,29,100
61450,18,100
61452,25,100
61454,18,100
61458,6,100
61460,19,100
61461,1,100
61466,1,100
61469,11,100
61473,4,100
61474,18,100
61475,28,100
61478,9,100
61479,9,100
61481,9,100
61487,25,100
61493,6,100
61496,8,100
61498,28,100
61500,4,100
61504,17,100
61506,7,100
61507,19,100
61508,10,100
61511,13,100
61512,11,100
61514,25,100
61515,11,100
61519,13,100
61520,11,100
61522,22,100
61523,8,100
61525,11,100
61528,8,100
61532,19,100
61534,8,100
61537,17,100
61538,11,100
61539,19,100
61541,5,100
61542,11,100
61546,19,100
61547,20,100
61548,24,100
61551,19,100
61553,1,100
61555,19,100
61556,29,100
61559,11,100
61563,25,100
61565,19,100
61567,25,100
61569,25,100
61570,25,100
61571,25,100
61573,11,100
61574,25,100
61575,25,100
61577,25,100
61578,25,100
61581,25,100
61583,14,100
61591,9,100
61592,9,100
61593,9,100
61595,28,100
61598,1,100
61601,4,100
61605,24,100
61611,19,100
61612,24,100
61614,4,100
61618,2,100
61620,2,100
61621,25,100
61622,19,100
61623,6,100
61624,14,100
61626,6,100
61628,6,100
61632,31,100
61633,26,100
61634,14,100
61636,6,100
61637,24,100
61638,28,100
61640,31,100
61641,31,100
61643,31,100
61644,31,100
61647,28,100
61648,28,100
61649,26,100
61650,28,100
61651,6,100
61652,26,100
61653,26,100
61655,25,100
61656,14,100
61657,14,100
61658,14,100
61659,6,100
61660,25,100
61661,20,100
61662,1,100
61664,14,100
61667,24,100
61668,29,100
61669,6,100
61670,18,100
61673,17,100
61674,17,100
61675,17,100
61676,17,100
61677,29,100
61685,13,100
61689,28,100
61691,22,100
61693,4,100
61694,22,100
61696,20,100
61698,23,100
61699,23,100
61701,23,100
61702,23,100
61703,23,100
61704,20,100
61705,23,100
61706,22,100
61708,22,100
61712,23,100
61714,23,100
61718,20,100
61719,22,100
61721,23,100
61723,4,100
61728,11,100
61729,17,100
61730,14,100
61732,11,100
61733,27,100
61734,16,100
61736,19,100
61738,4,100
61740,11,100
61741,27,100
61747,2,100
61749,13,100
61751,0,100
61754,16,100
61755,29,100
61757,6,100
61759,25,100
61761,27,100
61763,7,100
61764,28,100
61765,26,100
61767,29,100
61769,25,100
61770,22,100
61771,1,100
61773,31,100
61778,10,100
61780,11,100
61782,24,100
61783,13,100
61784,13,100
61785,8,100
61789,7,100
61790,20,100
61792,10,100
61793,8,100
61795,13,100
61796,24,100
61801,13,100
61802,13,100
61803,5,100
61811,8,100
61812,28,100
61814,29,100
61815,29,100
61817,6,100
61818,26,100
61819,7,100
61820,28,100
61823,26,100
61825,8,100
61828,10,100
61830,10,100
61834,29,100
61835,28,100
61837,31,100
61838,29,100
61839,26,100
61840,8,100
61841,1,100
61843,13,100
61847,13,100
61849,10,100
61857,25,100
61859,31,100
61862,10,100
61863,13,100
61864,2,100
61866,15,100
61867,6,100
61870,24,100
61871,13,100
61872,8,100
61874,29,100
61875,8,100
61878,10,100
61880,8,100
61882,26,100
61883,20,100
61885,21,100
61887,8,100
61889,14,100
61890,4,100
61891,21,100
61893,0,100
61894,7,100
61898,6,100
61900,12,100
61903,25,100
61904,3,100
61905,0,100
61906,11,100
61910,1,100
61911,12,100
61912,22,100
61919,12,100
61921,8,100
61924,0,100
61925,29,100
61928,8,100
61930,21,100
61931,10,100
61932,0,100
61933,16,100
61935,6,100
61937,21,100
61940,25,100
61942,10,100
61943,28,100
61945,23,100
61950,9,100
61955,21,100
61958,7,100
61959,28,100
61961,18,100
61962,2,100
61963,1,100
61965,21,100
61967,18,100
61968,1,100
61972,14,100
61973,0,100
61974,7,100
61975,21,100
61976,24,100
61977,12,100
61979,14,100
61980,22,100
61981,28,100
61983,22,100
61984,19,100
61986,10,100
61988,9,100
61989,18,100
61990,22,100
61992,7,100
61994,14,100
61995,20,100
61996,9,100
61998,9,100
61999,9,100
62004,25,100
62005,6,100
62006,17,100
62007,22,100
62009,12,100
62010,28,100
62011,12,100
62016,27,100
62018,25,100
62027,4,100
62030,21,100
62031,1,100
62033,1,100
62034,5,100
62036,1,100
62037,0,100
62038,27,100
62039,27,100
62042,2,100
62044,12,100
62045,22,100
62048,31,100
62049,0,100
62050,19,100
62056,13,100
62057,18,100
62058,13,100
62064,22,100
62066,13,100
62067,29,100
62073,19,100
62079,29,100
62080,0,100
62081,27,100
62082,13,100
62083,29,100
62084,2,100
62086,0,100
62089,1,100
62090,1,100
62091,0,100
62094,19,100
62095,1,100
62096,25,100
62097,28,100
62098,4,100
62100,4,100
62101,18,100
62105,25,100
62106,17,100
62109,7,100
62111,31,100
62113,25,100
62114,25,100
62115,29,100
62117,27,100
62121,7,100
62122,27,100
62124,29,100
62127,13,100
62130,4,100
62131,2,100
62135,25,100
62136,29,100
62139,27,100
62140,29,100
62141,25,100
62143,22,100
62145,0,100
62149,19,100
62152,29,100
62153,29,100
62155,0,100
62156,19,100
62161,29,100
62162,22,100
62163,8,100
62164,29,100
62165,25,100
62166,7,100
62171,24,100
62172,4,100
62173,14,100
62178,21,100
62179,10,100
62183,25,100
62189,4,100
62191,11,100
62192,10,100
62194,22,100
62195,3,100
62196,25,100
62199,13,100
62200,0,100
62201,3,100
62202,23,100
62203,3,100
62207,0,100
62209,23,100
62214,29,100
62216,22,100
62218,26,100
62219,25,100
62220,21,100
62225,23,100
62226,0,100
62227,7,100
62228,7,100
62234,24,100
62236,23,100
62238,3,100
62240,19,100
62242,27,100
62243,16,100
62246,0,100
62247,25,100
62251,23,100
62253,10,100
62254,24,100
62256,25,100
62258,4,100
62259,11,100
62262,25,100
62263,25,100
62264,23,100
62265,30,100
62266,8,100
62267,8,100
62268,22,100
62269,0,100
62271,16,100
62272,0,100
62273,14,100
62274,22,100
62275,20,100
62276,11,100
62277,23,100
62279,21,100
62281,14,100
62283,0,100
62285,7,100
62289,23,100
62290,5,100
62295,0,100
62296,0,100
62297,27,100
62298,16,100
62299,23,100
62300,11,100
62304,27,100
62305,16,100
62307,24,100
62310,11,100
62311,1,100
62312,1,100
62314,1,100
62315,17,100
62317,22,100
62318,3,100
62319,20,100
62321,17,100
62322,4,100
62324,4,100
62326,10,100
62328,14,100
62329,31,100
62330,23,100
62332,23,100
62333,22,100
62334,3,100
62336,4,100
62339,25,100
62343,20,100
62346,17,100
62350,16,100
62351,17,100
62352,24,100
62353,11,100
62354,1,100
62356,29,100
62357,1,100
62360,29,100
62361,0,100
62364,16,100
62369,11,100
62371,11,100
62374,27,100
62378,14,100
62379,29,100
62380,0,100
62381,16,100
62382,30,100
62383,10,100
62384,25,100
62385,11,100
62386,0,100
62387,25,100
62390,7,100
62392,11,100
62393,11,100
62397,11,100
62400,25,100
62401,21,100
62410,28,100
62411,13,100
62412,0,100
62413,25,100
62416,13,100
62418,2,100
62427,27,100
62428,16,100
62429,9,100
62434,0,100
62436,9,100
62437,11,100
62440,22,100
62441,8,100
62445,21,100
62446,1,100
62447,21,100
62449,18,100
62450,18,100
62452,10,100
62454,7,100
62462,22,100
62463,15,100
62464,15,100
62467,0,100
62469,18,100
62470,31,100
62472,15,100
62475,5,100
62476,29,100
62478,22,100
62479,18,100
62481,12,100
62482,8,100
62486,12,100
62487,8,100
62488,6,100
62490,18,100
62492,0,100
62494,30,100
62498,18,100
62500,18,100
62503,15,100
62504,15,100
62510,18,100
62511,18,100
62512,23,100
62519,7,100
62521,29,100
62523,8,100
62526,23,100
62527,18,100
62528,18,100
62529,10,100
62530,18,100
62531,18,100
62533,18,100
62534,28,100
62536,18,100
62538,15,100
62540,18,100
62541,18,100
62542,18,100
62544,18,100
62545,18,100
62548,18,100
62549,8,100
62553,18,100
62554,14,100
62555,14,100
62556,12,100
62557,0,100
62560,18,100
62561,18,100
62562,18,100
62563,18,100
62564,4,100
62566,18,100
62567,15,100
62572,0,100
62573,0,100
62575,12,100
62578,13,100
62579,12,100
62581,12,100
62584,18,100
62586,0,100
62587,18,100
62588,18,100
62589,20,100
62590,0,100
62593,1,100
62596,1,100
62597,8,100
62599,20,100
62602,25,100
62603,0,100
62604,18,100
62605,29,100
62610,14,100
62614,17,100
62615,21,100
62616,17,100
62617,21,100
62618,17,100
62620,17,100
62622,11,100
62625,1,100
62627,17,100
62628,17,100
62629,8,100
62630,17,100
62631,25,100
62633,19,100
62634,2,100
62638,25,100
62641,11,100
62642,25,100
62649,12,100
62650,11,100
62654,2,100
62657,19,100
62659,11,100
62660,16,100
62662,1,100
62663,1,100
62664,24,100
62666,1,100
62667,19,100
62669,27,100
62675,21,100
62676,17,100
62677,0,100
62682,17,100
62684,19,100
62685,0,100
62686,18,100
62687,16,100
62689,17,100
62690,7,100
62691,7,100
62692,1,100
62696,19,100
62697,27,100
62700,25,100
62701,0,100
62705,11,100
62706,21,100
62707,8,100
62717,4,100
62718,13,100
62719,4,100
62721,14,100
62724,16,100
62725,11,100
62728,16,100
62729,8,100
62730,11,100
62732,25,100
62733,5,100
62738,3,100
62739,3,100
62741,25,100
62743,25,100
62746,7,100
62747,6,100
62749,0,100
62750,27,100
62753,9,100
62754,0,100
62755,25,100
62757,8,100
62760,10,100
62762,3,100
62764,25,100
62765,20,100
62770,20,100
62772,12,100
62773,3,100
62774,9,100
62776,22,100
62777,14,100
62786,6,100
62788,25,100
62789,4,100
62791,21,100
62792,21,100
62797,24,100
62799,8,100
62800,9,100
62802,19,100
62803,6,100
62804,18,100
62807,14,100
62810,18,100
62811,9,100
62815,25,100
62816,31,100
62817,10,100
62818,24,100
62819,1,100
62822,25,100
62825,19,100
62826,10,100
62828,10,100
62831,10,100
62832,14,100
62833,24,100
62835,6,100
62836,6,100
62837,6,100
62838,1,100
62839,20,100
62840,6,100
62841,28,100
62842,5,100
62844,28,100
62846,29,100
62849,1,100
62850,1,100
62852,29,100
62853,25,100
62854,21,100
62864,14,100
62865,14,100
62867,19,100
62868,10,100
62870,11,100
62879,22,100
62880,0,100
62882,1,100
62883,1,100
62884,27,100
62885,1,100
62889,25,100
62891,25,100
62892,7,100
62893,25,100
62895,29,100
62896,8,100
62897,8,100
62899,0,100
62902,27,100
62903,25,100
62905,11,100
62911,11,100
62915,0,100
62916,13,100
62917,13,100
62918,11,100
62920,4,100
62921,0,100
62922,19,100
62923,25,100
62925,20,100
62926,1,100
62927,22,100
62928,10,100
62929,14,100
62932,14,100
62935,14,100
62936,3,100
62937,0,100
62938,27,100
62939,7,100
62940,11,100
62941,1,100
62942,0,100
62944,21,100
62945,3,100
62947,1,100
62949,11,100
62950,28,100
62951,22,100
62952,5,100
62953,0,100
62954,27,100
62960,21,100
62961,25,100
62962,21,100
62964,29,100
62966,14,100
62967,29,100
62971,19,100
62972,29,100
62973,15,100
62975,3,100
62978,22,100
62980,20,100
62983,22,100
62984,20,100
62986,27,100
62988,11,100
62989,0,100
62990,11,100
62991,8,100
62992,0,100
62997,0,100
62998,11,100
63002,27,100
63003,10,100
63005,21,100
63006,1,100
63007,6,100
63009,27,100
63011,4,100
63013,9,100
63015,27,100
63016,24,100
63018,0,100
63019,2,100
63020,27,100
63022,10,100
63024,25,100
63026,18,100
63028,12,100
63029,11,100
63030,22,100
63031,30,100
63033,21,100
63034,1,100
63035,29,100
63040,8,100
63041,14,100
63046,15,100
63047,28,100
63048,18,100
63049,30,100
63050,30,100
63051,7,100
63052,6,100
63053,14,100
63054,28,100
63060,13,100
63061,10,100
63067,3,100
63070,22,100
63071,3,100
63072,0,100
63074,15,100
63075,13,100
63077,25,100
63078,18,100
63082,15,100
63088,29,100
63091,15,100
63093,1,100
63096,18,100
63097,9,100
63098,12,100
63099,18,100
63100,18,100
63101,13,100
63104,2,100
63106,22,100
63110,22,100
63111,18,100
63112,7,100
63113,0,100
63114,18,100
63117,3,100
63119,18,100
63120,29,100
63121,18,100
63124,7,100
63126,22,100
63127,30,100
63129,15,100
63132,12,100
63134,9,100
63135,18,100
63136,0,100
63142,8,100
63145,15,100
63147,18,100
63148,22,100
63151,8,100
63152,1,100
63154,25,100
63156,18,100
63157,15,100
63159,15,100
63160,18,100
63161,18,100
63162,22,100
63163,30,100
63166,15,100
63167,22,100
63168,18,100
63169,13,100
63170,18,100
63173,18,100
63174,30,100
63181,0,100
63182,0,100
63186,18,100
63187,18,100
63189,1,100
63191,10,100
63192,18,100
63194,22,100
63195,12,100
63198,9,100
63199,9,100
63200,13,100
63201,13,100
63204,9,100
63207,9,100
63210,7,100
63213,24,100
63215,9,100
63216,9,100
63218,19,100
63222,10,100
63223,19,100
63224,13,100
63225,17,100
63231,17,100
63233,17,100
63235,21,100
63237,6,100
63239,5,100
63240,24,100
63241,25,100
63242,5,100
63243,31,100
63244,10,100
63245,5,100
63249,14,100
63250,1,100
63251,13,100
63255,5,100
63256,17,100
63259,1,100
63260,13,100
63262,21,100
63263,1,100
63264,1,100
63267,10,100
63268,1,100
63270,1,100
63273,24,100
63274,1,100
63275,17,100
63277,5,100
63279,14,100
63280,1,100
63282,13,100
63283,5,100
63284,20,100
63285,1,100
63286,1,100
63290,1,100
63292,5,100
63296,12,100
63299,13,100
63300,14,100
63301,5,100
63302,19,100
63306,29,100
63307,23,100
63311,17,100
63312,6,100
63313,17,100
63316,17,100
63317,17,100
63318,3,100
63319,3,100
63320,3,100
63322,14,100
63323,17,100
63325,1,100
63329,20,100
63330,14,100
63331,31,100
63337,10,100
63339,14,100
63340,14,100
63342,14,100
63343,1,100
63345,25,100
63347,13,100
63348,5,100
63349,10,100
63351,23,100
63352,25,100
63354,10,100
63356,17,100
63358,25,100
63360,13,100
63361,22,100
63363,2,100
63364,20,100
63367,3,100
63369,0,100
63373,17,100
63375,29,100
63376,14,100
63378,25,100
63380,7,100
63383,17,100
63384,29,100
63385,21,100
63387,29,100
63390,31,100
63391,31,100
63392,29,100
63393,29,100
63395,26,100
63396,6,100
63398,25,100
63403,13,100
63405,19,100
63406,10,100
63407,1,100
63408,7,100
63409,17,100
63417,12,100
63418,1,100
63419,21,100
63420,6,100
63421,4,100
63423,22,100
63424,28,100
63425,7,100
63426,21,100
63429,8,100
63431,2,100
63432,26,100
63433,31,100
63434,0,100
63438,27,100
63439,16,100
63443,6,100
63445,14,100
63446,5,100
63447,31,100
63450,29,100
63454,29,100
63457,10,100
63459,2,100
63461,21,100
63463,18,100
63464,20,100
63465,28,100
63466,25,100
63467,24,100
63468,17,100
63473,5,100
63476,29,100
63478,14,100
63482,17,100
63484,10,100
63485,0,100
63486,0,100
63487,15,100
63488,27,100
63491,0,100
63494,23,100
63495,4,100
63499,17,100
63500,11,100
63501,17,100
63502,14,100
63504,19,100
63505,23,100
63506,4,100
63507,10,100
63508,5,100
63509,10,100
63510,20,100
63511,10,100
63512,29,100
63517,29,100
63520,19,100
63521,15,100
63522,1,100
63524,25,100
63525,14,100
63526,29,100
63527,25,100
63529,19,100
63531,24,100
63532,19,100
63536,20,100
63542,1,100
63543,19,100
63544,31,100
63546,27,100
63547,29,100
63549,16,100
63550,25,100
63551,25,100
63552,19,100
63553,20,100
63555,25,100
63557,12,100
63558,5,100
63562,13,100
63563,24,100
63567,31,100
63569,5,100
63570,5,100
63574,13,100
63577,1,100
63579,13,100
63581,13,100
63583,1,100
63586,5,100
63587,5,100
63592,10,100
63595,5,100
63598,13,100
63599,12,100
63601,21,100
63602,5,100
63603,29,100
63604,7,100
63606,24,100
63607,5,100
63608,5,100
63609,10,100
63611,1,100
63612,14,100
63613,5,100
63614,10,100
63615,13,100
63616,1,100
63617,6,100
63618,7,100
63621,14,100
63622,5,100
63623,1,100
63626,1,100
63628,5,100
63629,13,100
63630,29,100
63631,5,100
63632,5,100
63634,21,100
63635,19,100
63637,21,100
63639,21,100
63641,22,100
63655,1,100
63657,1,100
63658,31,100
63660,17,100
63661,10,100
63662,31,100
63663,1,100
63664,31,100
63666,22,100
63669,14,100
63672,10,100
63675,12,100
63676,20,100
63677,21,100
63678,5,100
63679,5,100
63680,6,100
63682,22,100
63683,15,100
63684,1,100
63685,17,100
63686,6,100
63687,3,100
63691,10,100
63692,15,100
63693,20,100
63694,3,100
63695,19,100
63698,20,100
63703,25,100
63706,3,100
63710,10,100
63713,3,100
63714,3,100
63716,3,100
63717,3,100
63718,4,100
63724,7,100
63725,10,100
63727,3,100
63732,20,100
63733,15,100
63736,25,100
63738,1,100
63741,20,100
63743,20,100
63744,1,100
63746,19,100
63747,3,100
63748,6,100
63750,25,100
63751,25,100
63754,14,100
63757,24,100
63758,1,100
63759,19,100
63760,20,100
63762,20,100
63770,22,100
63771,25,100
63773,14,100
63774,20,100
63775,4,100
63777,10,100
63779,19,100
63780,24,100
63782,24,100
63786,20,100
63787,19,100
63790,31,100
63791,6,100
63792,10,100
63793,26,100
63795,21,100
63796,4,100
63799,17,100
63800,25,100
63801,19,100
63806,14,100
63808,31,100
63809,3,100
63810,31,100
63812,20,100
63816,0,100
63817,19,100
63821,27,100
63823,19,100
63824,7,100
63827,19,100
63831,20,100
63833,10,100
63835,6,100
63838,12,100
63839,30,100
63840,21,100
63842,19,100
63844,29,100
63845,10,100
63846,10,100
63847,30,100
63848,29,100
63850,20,100
63855,23,100
63856,19,100
63857,6,100
63859,24,100
63860,23,100
63861,20,100
63863,19,100
63864,29,100
63866,25,100
63868,30,100
63873,19,100
63875,24,100
63880,6,100
63881,13,100
63882,19,100
63885,20,100
63889,4,100
63890,17,100
63891,3,100
63893,20,100
63894,29,100
63898,19,100
63899,19,100
63900,2,100
63901,27,100
63903,16,100
63904,1,100
63912,19,100
63914,21,100
63915,12,100
63916,25,100
63919,5,100
63920,12,100
63921,25,100
63926,6,100
63929,7,100
63930,5,100
63934,24,100
63935,31,100
63937,20,100
63938,1,100
63939,26,100
63941,28,100
63943,21,100
63945,6,100
63946,4,100
63947,29,100
63949,13,100
63950,20,100
63951,23,100
63954,19,100
63955,26,100
63957,8,100
63958,6,100
63959,1,100
63962,4,100
63963,24,100
63966,29,100
63968,29,100
63970,13,100
63971,4,100
63974,1,100
63975,20,100
63977,20,100
63978,4,100
63979,20,100
63980,8,100
63984,0,100
63986,13,100
63987,10,100
63988,6,100
63991,1,100
63992,10,100
63993,22,100
63995,6,100
63997,14,100
63998,6,100
63999,7,100
64000,14,100
64001,7,100
64003,19,100
64004,25,100
64007,28,100
64012,17,100
64013,17,100
64015,20,100
64017,19,100
64019,22,100
64020,14,100
64021,4,100
64024,31,100
64025,0,100
64026,31,100
64029,19,100
64031,3,100
64032,4,100
64034,1,100
64039,10,100
64048,21,100
64049,23,100
64050,22,100
64053,3,100
64058,29,100
64059,22,100
64060,31,100
64061,1,100
64062,22,100
64064,20,100
64069,23,100
64070,23,100
64071,23,100
64072,1,100
64074,23,100
64080,10,100
64086,13,100
64087,17,100
64090,7,100
64095,26,100
64101,22,100
64109,7,100
64111,23,100
64112,23,100
64113,22,100
64114,22,100
64115,15,100
64116,7,100
64117,29,100
64118,3,100
64119,7,100
64121,3,100
64122,7,100
64123,3,100
64125,3,100
64126,31,100
64127,3,100
64128,23,100
64129,22,100
64130,22,100
64133,3,100
64134,22,100
64137,3,100
64138,10,100
64139,20,100
64142,15,100
64144,1,100
64145,3,100
64149,0,100
64150,3,100
64151,22,100
64152,0,100
64153,31,100
64154,31,100
64155,0,100
64156,3,100
64159,31,100
64160,25,100
64163,3,100
64164,23,100
64169,22,100
64171,1,100
64172,19,100
64176,3,100
64180,25,100
64181,20,100
64183,1,100
64185,29,100
64187,15,100
64189,22,100
64191,14,100
64192,29,100
64193,10,100
64195,20,100
64197,0,100
64199,22,100
64201,22,100
64205,8,100
64207,29,100
64208,29,100
64212,15,100
64214,29,100
64215,31,100
64216,19,100
64217,29,100
64218,10,100
64219,26,100
64220,14,100
64224,20,100
64227,1,100
64228,20,100
64229,20,100
64231,25,100
64233,14,100
64234,20,100
64235,29,100
64238,29,100
64240,2,100
64242,20,100
64244,20,100
64246,20,100
64248,29,100
64249,10,100
64250,1,100
64251,28,100
64252,31,100
64254,17,100
64256,31,100
64258,22,100
64259,21,100
64266,8,100
64269,19,100
64271,27,100
64272,16,100
64273,17,100
64275,26,100
64276,17,100
64279,10,100
64281,31,100
64282,14,100
64283,25,100
64284,31,100
64287,30,100
64290,21,100
64292,25,100
64293,21,100
64294,3,100
64297,27,100
64298,1,100
64299,16,100
64300,21,100
64301,1,100
64302,25,100
64304,21,100
64310,30,100
64312,31,100
64316,25,100
64317,26,100
64318,10,100
64319,22,100
64321,31,100
64327,16,100
64329,4,100
64332,10,100
64335,31,100
64336,28,100
64337,20,100
64338,29,100
64339,10,100
64342,24,100
64343,21,100
64346,4,100
64348,25,100
64349,4,100
64355,21,100
64358,21,100
64359,29,100
64362,29,100
64363,25,100
64364,27,100
64365,16,100
64369,4,100
64371,25,100
64374,3,100
64375,10,100
64378,27,100
64380,7,100
64381,15,100
64382,20,100
64383,1,100
64389,15,100
64391,25,100
64392,28,100
64393,29,100
64394,18,100
64395,4,100
64396,4,100
64401,8,100
64404,0,100
64405,2,100
64406,25,100
64407,3,100
64410,16,100
64413,4,100
64415,26,100
64416,24,100
64419,18,100
64420,29,100
64423,6,100
64426,0,100
64432,3,100
64433,20,100
64434,31,100
64436,12,100
64437,4,100
64438,18,100
64439,28,100
64440,24,100
64443,15,100
64444,20,100
64445,5,100
64446,10,100
64447,29,100
64448,4,100
64449,10,100
64451,0,100
64452,29,100
64456,29,100
64457,3,100
64458,3,100
64460,0,100
64461,0,100
64465,0,100
64469,1,100
64470,26,100
64472,1,100
64473,12,100
64474,20,100
64475,20,100
64476,12,100
64481,31,100
64483,31,100
64485,14,100
64487,15,100
64488,31,100
64489,31,100
64490,20,100
64491,25,100
64495,13,100
64496,15,100
64497,7,100
64498,26,100
64499,7,100
64500,6,100
64502,1,100
64504,26,100
64507,7,100
64508,24,100
64511,6,100
64513,17,100
64515,15,100
64516,25,100
64518,5,100
64519,3,100
64520,17,100
64521,5,100
64522,21,100
64524,26,100
64526,7,100
64529,10,100
64530,15,100
64531,21,100
64532,7,100
64536,22,100
64537,19,100
64540,13,100
64542,12,100
64543,8,100
64545,7,100
64552,7,100
64553,31,100
64554,29,100
64556,22,100
64561,7,100
64562,14,100
64564,7,100
64565,10,100
64567,23,100
64570,19,100
64571,10,100
64572,3,100
64573,22,100
64576,3,100
64580,14,100
64582,22,100
64584,31,100
64585,20,100
64588,3,100
64589,1,100
64590,11,100
64592,0,100
64594,6,100
64596,20,100
64597,20,100
64599,20,100
64601,7,100
64602,25,100
64603,6,100
64605,20,100
64607,31,100
64609,7,100
64613,10,100
64614,2,100
64615,22,100
64616,21,100
64620,22,100
64621,1,100
64622,12,100
64623,10,100
64624,14,100
64625,31,100
64626,10,100
64627,10,100
64628,22,100
64629,25,100
64630,3,100
64631,31,100
64632,1,100
64633,26,100
64634,8,100
64637,23,100
64638,23,100
64639,23,100
64643,26,100
64645,20,100
64646,13,100
64647,29,100
64650,6,100
64651,26,100
64652,25,100
64653,25,100
64656,13,100
64657,22,100
64661,7,100
64662,11,100
64664,16,100
64665,31,100
64667,21,100
64671,13,100
64672,25,100
64673,1,100
64675,2,100
64677,23,100
64678,14,100
64679,26,100
64682,20,100
64687,22,100
64688,22,100
64690,0,100
64691,12,100
64693,19,100
64695,25,100
64696,22,100
64698,22,100
64699,3,100
64700,0,100
64701,27,100
64706,17,100
64709,23,100
64711,21,100
64714,17,100
64716,29,100
64717,25,100
64718,7,100
64719,22,100
64720,8,100
64721,21,100
64724,25,100
64725,26,100
64726,20,100
64730,7,100
64731,19,100
64733,21,100
64737,22,100
64738,22,100
64739,0,100
64741,11,100
64750,15,100
64753,21,100
64755,7,100
64756,20,100
64759,20,100
64760,22,100
64762,20,100
64763,26,100
64765,7,100
64767,21,100
64768,7,100
64769,7,100
64770,22,100
64773,7,100
64774,12,100
64775,2,100
64778,19,100
64779,26,100
64780,8,100
64781,10,100
64782,10,100
64786,15,100
64787,19,100
64790,21,100
64793,24,100
64794,13,100
64795,19,100
64797,25,100
64798,7,100
64801,15,100
64803,25,100
64804,16,100
64809,4,100
64812,31,100
64819,25,100
64821,25,100
64822,12,100
64826,19,100
64828,21,100
64832,13,100
64833,14,100
64834,12,100
64836,21,100
64837,13,100
64838,21,100
64844,16,100
64845,25,100
64846,21,100
64848,31,100
64851,29,100
64852,3,100
64855,28,100
64861,4,100
64862,1,100
64864,28,100
64865,6,100
64866,5,100
64867,5,100
64868,29,100
64870,10,100
64871,4,100
64878,1,100
64883,10,100
64884,12,100
64885,24,100
64886,20,100
64888,5,100
64891,5,100
64893,5,100
64894,22,100
64896,1,100
64898,4,100
64899,13,100
64900,3,100
64903,27,100
64904,16,100
64905,4,100
64906,26,100
64907,20,100
64911,7,100
64917,22,100
64920,22,100
64921,25,100
64923,3,100
64937,23,100
64938,0,100
64939,27,100
64942,7,100
64943,3,100
64945,26,100
64951,13,100
64953,10,100
64954,19,100
64956,1,100
64957,8,100
64959,28,100
64960,22,100
64961,7,100
64962,3,100
64964,5,100
64969,13,100
64970,11,100
64971,25,100
64972,7,100
64976,21,100
64978,13,100
64979,17,100
64981,26,100
64982,14,100
64984,12,100
64985,14,100
64993,25,100
64995,0,100
64996,1,100
64999,3,100
65001,4,100
65003,13,100
65004,17,100
65007,26,100
65008,22,100
65009,22,100
65011,31,100
65013,26,100
65016,28,100
65017,5,100
65019,26,100
65021,27,100
65023,26,100
65024,20,100
65025,21,100
65028,25,100
65033,25,100
65038,25,100
65041,8,100
65042,5,100
65043,14,100
65050,26,100
65051,0,100
65052,18,100
65056,5,100
65060,20,100
65062,20,100
65065,2,100
65069,28,100
65070,7,100
65072,5,100
65076,14,100
65079,0,100
65081,27,100
65083,5,100
65084,7,100
65085,8,100
65086,10,100
65089,8,100
65090,6,100
65096,26,100
65098,24,100
65099,4,100
65100,11,100
65102,14,100
65103,5,100
65104,26,100
65109,25,100
65111,1,100
65112,21,100
65113,0,100
65115,6,100
65119,29,100
65120,19,100
65127,22,100
65130,11,100
65132,14,100
65134,19,100
65135,19,100
65136,19,100
65141,25,100
65142,27,100
65144,20,100
65145,21,100
65147,1,100
65148,25,100
65151,15,100
65153,19,100
65154,28,100
65156,28,100
65157,20,100
65159,1,100
65161,26,100
65162,6,100
65166,22,100
65168,20,100
65170,20,100
65172,31,100
65173,14,100
65174,19,100
65175,14,100
65177,6,100
65182,6,100
65186,8,100
65188,22,100
65189,6,100
65190,26,100
65192,7,100
65193,4,100
65194,14,100
65198,25,100
65201,26,100
65202,12,100
65203,8,100
65205,22,100
65207,7,100
65216,3,100
65218,12,100
65219,31,100
65221,2,100
65222,16,100
65224,1,100
65225,22,100
65232,2,100
65233,14,100
65236,6,100
65237,26,100
65238,20,100
65239,22,100
65240,5,100
65241,26,100
65246,7,100
65249,24,100
65251,7,100
65253,25,100
65257,22,100
65259,24,100
65271,7,100
65273,25,100
65274,28,100
65275,31,100
65276,21,100
65278,20,100
65279,1,100
65281,8,100
65284,14,100
65286,12,100
65287,4,100
65288,25,100
65289,15,100
65290,10,100
65292,25,100
65299,20,100
65300,22,100
65301,12,100
65302,31,100
65304,25,100
65306,18,100
65307,22,100
65312,28,100
65313,7,100
65314,8,100
65320,1,100
65321,10,100
65325,7,100
65331,28,100
65332,15,100
65334,25,100
65335,27,100
65336,4,100
65338,16,100
65339,25,100
65340,6,100
65341,0,100
65342,0,100
65343,20,100
65345,1,100
65346,20,100
65349,0,100
65351,12,100
65352,12,100
65353,9,100
65354,6,100
65356,25,100
65357,14,100
65359,20,100
65360,25,100
65362,9,100
65367,13,100
65369,20,100
65370,20,100
65372,28,100
65373,21,100
65374,26,100
65376,9,100
65378,8,100
65379,21,100
65381,31,100
65384,1,100
65386,0,100
65387,20,100
65388,9,100
65390,9,100
65392,9,100
65393,9,100
65394,14,100
65396,14,100
65399,12,100
65400,15,100
65401,25,100
65404,9,100
65406,7,100
65409,25,100
65410,29,100
65411,13,100
65412,18,100
65413,12,100
65415,25,100
65418,31,100
65419,6,100
65422,5,100
65423,5,100
65426,22,100
65427,2,100
65432,31,100
65433,13,100
65437,22,100
65438,26,100
65440,19,100
65445,26,100
65452,31,100
65454,31,100
65456,31,100
65457,22,100
65459,31,100
65461,26,100
65462,5,100
65463,28,100
65467,25,100
65468,22,100
65473,1,100
65475,21,100
65476,24,100
65477,19,100
65479,6,100
65482,1,100
65483,19,100
65484,24,100
65485,9,100
65486,26,100
65487,25,100
65489,10,100
65492,1,100
65493,17,100
65495,25,100
65496,8,100
65501,29,100
65503,29,100
65504,0,100
65505,27,100
65506,19,100
65507,23,100
65508,12,100
65512,0,100
65513,18,100
65514,29,100
65515,28,100
65517,19,100
65518,27,100
65520,19,100
65521,31,100
65523,0,100
65525,7,100
65528,0,100
65529,18,100
65530,20,100
65531,0,100
65534,29,100
65535,1,100
65536,0,100
65537,27,100
65539,4,100
65540,29,100
65541,25,100
65542,5,100
65543,29,100
65549,19,100
65551,4,100
65554,4,100
65556,0,100
65558,16,100
65559,22,100
65561,2,100
65565,11,100
65566,0,100
65567,7,100
65568,27,100
65569,16,100
65571,3,100
65574,0,100
65575,2,100
65576,19,100
65577,0,100
65579,16,100
65580,29,100
65581,22,100
65582,14,100
65585,25,100
65586,25,100
65588,25,100
65589,22,100
65590,1,100
65594,2,100
65596,14,100
65599,25,100
65600,16,100
65601,4,100
65607,16,100
65613,29,100
65617,29,100
65619,1,100
65621,22,100
65622,9,100
65624,4,100
65631,22,100
65632,18,100
65635,31,100
65636,9,100
65637,1,100
65639,18,100
65643,18,100
65644,29,100
65646,13,100
65649,24,100
65650,24,100
65654,2,100
65655,6,100
65656,21,100
65662,25,100
65664,13,100
65665,25,100
65666,14,100
65668,10,100
65674,8,100
65675,4,100
65676,21,100
65682,8,100
65683,14,100
65684,13,100
65685,20,100
65686,13,100
65688,14,100
65691,21,100
65692,29,100
65693,11,100
65694,28,100
65695,14,100
65698,13,100
65701,6,100
65703,13,100
65704,1,100
65705,0,100
65706,16,100
65707,14,100
65709,31,100
65710,5,100
65716,14,100
65717,8,100
65718,15,100
65719,5,100
65720,29,100
65721,19,100
65724,5,100
65730,27,100
65731,16,100
65732,8,100
65734,29,100
65735,5,100
65736,30,100
65737,6,100
65739,20,100
65743,28,100
65750,28,100
65751,0,100
65752,19,100
65753,27,100
65754,28,100
65755,1,100
65757,0,100
65758,1,100
65759,27,100
65760,16,100
65764,21,100
65765,28,100
65766,29,100
65767,5,100
65769,8,100
65770,24,100
65771,31,100
65773,8,100
65778,25,100
65779,20,100
65784,14,100
65787,21,100
65788,13,100
65790,10,100
65791,31,100
65793,19,100
65797,10,100
65798,13,100
65799,2,100
65801,29,100
65802,13,100
65804,8,100
65805,7,100
65806,2,100
65808,7,100
65809,19,100
65810,22,100
65811,5,100
65815,29,100
65817,22,100
65818,25,100
65819,25,100
65821,28,100
65822,21,100
65823,8,100
65825,4,100
65826,21,100
65828,28,100
65829,21,100
65830,31,100
65831,7,100
65833,15,100
65835,12,100
65837,0,100
65840,22,100
65844,25,100
65845,25,100
65846,10,100
65847,0,100
65849,20,100
65850,15,100
65852,9,100
65853,22,100
65854,13,100
65856,8,100
65857,1,100
65858,13,100
65859,5,100
65860,28,100
65863,1,100
65865,14,100
65868,27,100
65870,15,100
65874,28,100
65877,20,100
65878,10,100
65879,20,100
65880,15,100
65887,8,100
65889,5,100
65890,2,100
65892,9,100
65893,7,100
65895,14,100
65899,14,100
65902,20,100
65903,20,100
65904,10,100
65905,14,100
65906,20,100
65909,15,100
65910,12,100
65914,18,100
65915,22,100
65916,26,100
65917,13,100
65918,20,100
65919,20,100
65921,28,100
65922,22,100
65923,28,100
65925,21,100
65926,14,100
65927,14,100
65929,19,100
65932,6,100
65934,31,100
65935,20,100
65939,24,100
65944,24,100
65945,19,100
65946,5,100
65947,13,100
65948,25,100
65952,9,100
65954,20,100
65955,21,100
65956,31,100
65960,14,100
65962,4,100
65965,17,100
65966,29,100
65968,5,100
65970,7,100
65972,19,100
65975,7,100
65976,19,100
65977,8,100
65979,1,100
65981,13,100
65986,25,100
65987,17,100
65989,10,100
65990,19,100
65992,7,100
65993,28,100
65998,1,100
65999,19,100
66000,26,100
66001,6,100
66002,7,100
66004,2,100
66005,26,100
66006,5,100
66009,12,100
66010,5,100
66011,24,100
66012,26,100
66014,8,100
66015,28,100
66018,25,100
66020,6,100
66021,8,100
66022,26,100
66027,7,100
66028,7,100
66029,7,100
66030,4,100
66032,29,100
66034,6,100
66035,8,100
66039,17,100
66041,12,100
66043,25,100
66044,3,100
66045,0,100
66047,21,100
66048,20,100
66050,3,100
66051,20,100
66052,17,100
66053,4,100
66057,14,100
66058,19,100
66059,29,100
66066,20,100
66067,14,100
66068,23,100
66070,21,100
66071,7,100
66073,7,100
66075,20,100
66078,14,100
66082,0,100
66085,17,100
66086,19,100
66088,23,100
66089,25,100
66091,11,100
66094,21,100
66099,13,100
66100,14,100
66102,25,100
66104,25,100
66106,8,100
66109,22,100
66114,20,100
66115,8,100
66117,14,100
66120,17,100
66121,3,100
66122,21,100
66123,14,100
66124,3,100
66127,14,100
66128,6,100
66129,19,100
66131,21,100
66132,7,100
66136,25,100
66138,25,100
66140,26,100
66142,20,100
66143,25,100
66144,26,100
66145,6,100
66146,26,100
66147,6,100
66149,22,100
66154,10,100
66157,10,100
66159,7,100
66160,26,100
66161,26,100
66162,1,100
66165,21,100
66166,26,100
66167,21,100
66170,14,100
66172,22,100
66173,25,100
66176,25,100
66179,3,100
66181,17,100
66182,5,100
66183,25,100
66184,22,100
66185,3,100
66187,0,100
66191,0,100
66192,17,100
66193,3,100
66196,13,100
66200,1,100
66204,7,100
66206,13,100
66207,31,100
66208,15,100
66209,7,100
66210,24,100
66211,24,100
66212,22,100
66218,28,100
66222,22,100
66223,22,100
66225,14,100
66227,23,100
66228,25,100
66229,12,100
66232,10,100
66233,25,100
66237,20,100
66238,11,100
66240,21,100
66241,25,100
66242,25,100
66246,8,100
66257,17,100
66259,21,100
66261,22,100
66263,20,100
66265,26,100
66268,29,100
66269,19,100
66270,19,100
66276,15,100
66277,6,100
66278,8,100
66279,15,100
66280,21,100
66281,2,100
66284,22,100
66286,7,100
66288,21,100
66289,25,100
66290,26,100
66292,6,100
66293,4,100
66294,15,100
66295,22,100
66298,3,100
66303,11,100
66304,25,100
66305,1,100
66310,4,100
66315,5,100
66316,25,100
66318,5,100
66322,27,100
66325,22,100
66327,10,100
66331,25,100
66334,25,100
66335,8,100
66336,20,100
66338,20,100
66339,20,100
66340,26,100
66341,20,100
66342,7,100
66343,20,100
66347,7,100
66348,26,100
66349,21,100
66350,1,100
66353,19,100
66356,20,100
66357,22,100
66359,10,100
66360,10,100
66361,26,100
66363,8,100
66364,20,100
66365,25,100
66368,15,100
66369,28,100
66373,20,100
66375,3,100
66378,13,100
66380,21,100
66383,19,100
66384,31,100
66385,20,100
66386,6,100
66388,23,100
66389,31,100
66390,7,100
66393,6,100
66396,3,100
66398,14,100
66401,1,100
66402,25,100
66407,12,100
66409,21,100
66413,7,100
66417,25,100
66419,22,100
66420,21,100
66424,14,100
66428,24,100
66429,2,100
66432,23,100
66434,29,100
66438,19,100
66439,22,100
66440,6,100
66441,6,100
66442,1,100
66443,17,100
66444,31,100
66448,25,100
66449,19,100
66450,7,100
66454,17,100
66456,4,100
66459,13,100
66460,0,100
66461,21,100
66462,15,100
66464,27,100
66465,16,100
66468,25,100
66472,1,100
66475,25,100
66476,6,100
66477,26,100
66482,6,100
66485,26,100
66486,25,100
66488,28,100
66489,4,100
66491,24,100
66493,26,100
66495,26,100
66496,7,100
66497,31,100
66498,31,100
66499,7,100
66501,21,100
66507,5,100
66509,0,100
66510,26,100
66513,26,100
66515,21,100
66517,14,100
66518,31,100
66519,3,100
66521,12,100
66522,1,100
66523,27,100
66526,21,100
66527,19,100
66529,12,100
66530,3,100
66532,28,100
66534,1,100
66539,3,100
66541,12,100
66545,26,100
66546,7,100
66548,0,100
66552,28,100
66559,25,100
66562,6,100
66564,29,100
66566,7,100
66568,22,100
66569,6,100
66571,7,100
66574,10,100
66580,17,100
66581,3,100
66582,11,100
66583,24,100
66584,6,100
66587,17,100
66588,22,100
66589,4,100
66591,1,100
66592,17,100
66593,12,100
66594,10,100
66595,14,100
66597,20,100
66598,14,100
66599,10,100
66602,0,100
66605,10,100
66607,25,100
66608,27,100
66614,17,100
66616,21,100
66618,22,100
66619,5,100
66620,7,100
66621,1,100
66622,21,100
66623,19,100
66626,18,100
66628,28,100
66631,25,100
66633,24,100
66636,3,100
66638,1,100
66639,28,100
66642,25,100
66643,15,100
66644,1,100
66646,25,100
66647,22,100
66648,22,100
66649,7,100
66654,22,100
66655,31,100
66657,4,100
66658,21,100
66659,28,100
66660,1,100
66662,31,100
66663,7,100
66664,24,100
66665,6,100
66669,25,100
66671,13,100
66674,21,100
66676,25,100
66680,14,100
66682,17,100
66685,3,100
66687,15,100
66688,17,100
66692,19,100
66693,22,100
66694,1,100
66695,13,100
66699,8,100
66700,4,100
66702,12,100
66709,8,100
66710,22,100
66711,8,100
66715,1,100
66716,21,100
66719,22,100
66721,15,100
66725,22,100
66728,17,100
66730,4,100
66731,19,100
66733,3,100
66737,4,100
66739,4,100
66740,22,100
66742,17,100
66743,25,100
66744,31,100
66746,31,100
66747,6,100
66748,26,100
66749,25,100
66752,8,100
66754,26,100
66755,26,100
66756,31,100
66757,23,100
66759,17,100
66763,28,100
66765,15,100
66769,3,100
66773,26,100
66776,25,100
66779,26,100
66781,21,100
66782,29,100
66787,20,100
66789,24,100
66790,7,100
66796,14,100
66797,4,100
66799,29,100
66801,14,100
66805,22,100
66806,17,100
66810,22,100
66811,3,100
66812,11,100
66813,27,100
66814,16,100
66816,2,100
66818,24,100
66819,22,100
66821,20,100
66823,4,100
66824,5,100
66825,20,100
66826,1,100
66829,21,100
66834,30,100
66835,23,100
66837,8,100
66838,17,100
66839,21,100
66840,30,100
66841,12,100
66843,26,100
66845,12,100
66848,19,100
66849,6,100
66850,26,100
66853,7,100
66854,1,100
66857,6,100
66858,6,100
66859,12,100
66860,1,100
66862,10,100
66866,1,100
66867,13,100
66868,28,100
66869,6,100
66870,21,100
66871,6,100
66872,25,100
66875,30,100
66878,4,100
66879,8,100
66880,6,100
66882,31,100
66884,8,100
66885,5,100
66888,25,100
66889,8,100
66891,8,100
66895,30,100
66898,3,100
66901,24,100
66902,5,100
66903,18,100
66906,23,100
66907,31,100
66910,0,100
66913,31,100
66915,27,100
66919,23,100
66921,8,100
66924,8,100
66925,5,100
66926,15,100
66929,31,100
66931,13,100
66932,5,100
66934,7,100
66936,20,100
66938,10,100
66941,5,100
66943,26,100
66946,7,100
66948,23,100
66949,30,100
66950,22,100
66952,6,100
66953,25,100
66955,26,100
66956,14,100
66958,11,100
66959,12,100
66962,28,100
66965,14,100
66967,10,100
66970,0,100
66971,5,100
66974,26,100
66975,25,100
66976,27,100
66977,16,100
66979,4,100
66984,31,100
66986,31,100
66989,26,100
66990,3,100
66992,20,100
66993,5,100
66994,28,100
66995,14,100
66996,6,100
66997,20,100
67000,26,100
67003,5,100
67004,26,100
67006,26,100
67007,7,100
67010,29,100
67013,5,100
67014,26,100
67016,31,100
67017,26,100
67018,13,100
67019,6,100
67020,20,100
67023,4,100
67025,1,100
67027,14,100
67029,10,100
67030,22,100
67031,20,100
67032,26,100
67033,14,100
67036,4,100
67037,26,100
67039,31,100
67041,16,100
67043,29,100
67045,31,100
67046,24,100
67047,28,100
67048,14,100
67049,30,100
67050,22,100
67056,8,100
67057,6,100
67059,26,100
67062,19,100
67063,6,100
67064,25,100
67068,2,100
67069,5,100
67070,31,100
67073,13,100
67074,14,100
67075,14,100
67079,4,100
67080,14,100
67085,20,100
67086,30,100
67088,24,100
67090,8,100
67094,23,100
67097,23,100
67099,20,100
67100,14,100
67101,31,100
67105,14,100
67110,15,100
67112,20,100
67116,30,100
67118,14,100
67119,10,100
67123,26,100
67124,14,100
67125,20,100
67126,20,100
67128,7,100
67129,8,100
67130,24,100
67131,20,100
67135,25,100
67137,11,100
67138,27,100
67139,16,100
67140,25,100
67141,26,100
67144,20,100
67146,19,100
67149,28,100
67150,24,100
67152,10,100
67153,20,100
67154,31,100
67157,29,100
67159,20,100
67161,19,100
67162,24,100
67164,10,100
67167,19,100
67168,4,100
67171,20,100
67174,31,100
67175,31,100
67176,26,100
67177,22,100
67179,22,100
67180,22,100
67183,7,100
67184,10,100
67185,10,100
67188,10,100
67189,22,100
67192,31,100
67193,28,100
67195,31,100
67196,31,100
67199,1,100
67200,31,100
67205,14,100
67208,19,100
67209,24,100
67210,19,100
67211,24,100
67213,24,100
67216,19,100
67217,24,100
67218,19,100
67220,19,100
67222,24,100
67223,19,100
67225,24,100
67226,24,100
67230,25,100
67232,1,100
67234,21,100
67235,16,100
67236,7,100
67237,20,100
67239,1,100
67240,10,100
67241,20,100
67242,20,100
67244,28,100
67246,20,100
67248,20,100
67249,23,100
67250,2,100
67251,31,100
67253,31,100
67254,10,100
67255,30,100
67256,31,100
67257,28,100
67267,4,100
67268,31,100
67272,10,100
67276,21,100
67277,20,100
67279,22,100
67281,8,100
67284,6,100
67286,28,100
67287,25,100
67290,21,100
67291,1,100
67292,12,100
67299,25,100
67301,31,100
67302,25,100
67303,14,100
67304,29,100
67312,30,100
67314,31,100
67316,31,100
67318,8,100
67319,31,100
67320,31,100
67325,20,100
67326,22,100
67327,31,100
67328,14,100
67329,25,100
67330,23,100
67331,21,100
67332,6,100
67335,25,100
67337,12,100
67338,4,100
67339,31,100
67340,7,100
67341,26,100
67343,10,100
67348,22,100
67349,14,100
67351,13,100
67352,23,100
67354,30,100
67357,28,100
67358,23,100
67361,25,100
67362,12,100
67365,1,100
67366,12,100
67373,15,100
67374,3,100
67375,5,100
67377,7,100
67378,10,100
67380,3,100
67382,12,100
67383,12,100
67385,24,100
67386,0,100
67387,22,100
67389,3,100
67392,12,100
67395,27,100
67397,26,100
67399,30,100
67401,22,100
67403,25,100
67404,23,100
67405,14,100
67408,12,100
67412,30,100
67413,10,100
67414,20,100
67415,23,100
67416,26,100
67417,15,100
67418,30,100
67420,25,100
67422,2,100
67423,22,100
67424,20,100
67427,31,100
67429,5,100
67430,25,100
67431,12,100
67433,12,100
67436,12,100
67437,8,100
67441,10,100
67447,22,100
67451,14,100
67452,1,100
67453,4,100
67455,31,100
67457,7,100
67458,26,100
67460,25,100
67464,15,100
67465,25,100
67466,15,100
67467,23,100
67469,22,100
67473,10,100
67476,24,100
67477,18,100
67478,8,100
67479,4,100
67483,26,100
67485,21,100
67486,25,100
67488,26,100
67489,31,100
67490,6,100
67492,26,100
67493,31,100
67495,10,100
67497,22,100
67498,30,100
67502,30,100
67503,14,100
67504,10,100
67508,8,100
67510,25,100
67511,3,100
67512,28,100
67518,10,100
67520,20,100
67521,31,100
67522,20,100
67523,12,100
67524,0,100
67527,25,100
67528,22,100
67529,25,100
67530,3,100
67531,7,100
67533,21,100
67535,16,100
67536,18,100
67540,12,100
67544,31,100
67545,25,100
67547,14,100
67548,25,100
67549,21,100
67550,19,100
67552,31,100
67556,22,100
67559,23,100
67565,6,100
67566,12,100
67570,15,100
67571,6,100
67572,8,100
67574,31,100
67577,23,100
67579,15,100
67582,22,100
67586,1,100
67587,31,100
67588,28,100
67590,8,100
67596,31,100
67597,5,100
67599,24,100
67601,22,100
67606,4,100
67610,8,100
67611,8,100
67620,18,100
67622,21,100
67623,10,100
67624,26,100
67626,31,100
67629,8,100
67630,26,100
67631,12,100
67634,14,100
67637,9,100
67640,20,100
67648,31,100
67651,25,100
67652,31,100
67653,10,100
67658,21,100
67659,1,100
67665,31,100
67668,22,100
67669,26,100
67671,22,100
67673,31,100
67676,0,100
67677,3,100
67678,31,100
67679,28,100
67682,25,100
67683,11,100
67685,1,100
67688,16,100
67689,15,100
67697,20,100
67700,20,100
67701,1,100
67702,20,100
67704,13,100
67706,4,100
67709,28,100
67710,7,100
67711,8,100
67714,24,100
67717,31,100
67721,25,100
67723,22,100
67724,1,100
67725,12,100
67727,10,100
67729,18,100
67730,31,100
67731,6,100
67732,6,100
67734,31,100
67737,8,100
67738,31,100
67739,1,100
67742,10,100
67743,1,100
67744,10,100
67746,1,100
67747,22,100
67748,8,100
67754,20,100
67755,22,100
67757,26,100
67760,28,100
67765,22,100
67768,10,100
67771,14,100
67774,26,100
67775,12,100
67780,0,100
67781,20,100
67783,22,100
67785,10,100
67788,31,100
67790,20,100
67793,8,100
67795,10,100
67796,20,100
67798,20,100
67805,22,100
67809,26,100
67811,4,100
67812,31,100
67815,3,100
67817,20,100
67828,31,100
67829,18,100
67830,20,100
67831,12,100
67832,12,100
67834,1,100
67837,26,100
67841,20,100
67842,18,100
67845,31,100
67848,31,100
67849,25,100
67851,18,100
67856,9,100
67858,20,100
67866,25,100
67867,10,100
67869,25,100
67871,12,100
67872,14,100
67874,21,100
67877,18,100
67880,26,100
67881,12,100
67883,0,100
67884,1,100
67885,22,100
67886,3,100
67887,12,100
67892,20,100
67893,20,100
67895,12,100
67896,15,100
67898,22,100
67899,12,100
67900,18,100
67901,22,100
67903,18,100
67905,1,100
67909,24,100
67910,22,100
67912,9,100
67915,24,100
67920,28,100
67921,18,100
67923,9,100
67924,31,100
67925,12,100
67926,12,100
67928,20,100
67930,10,100
67932,28,100
67937,22,100
67939,20,100
67940,12,100
67943,26,100
67944,12,100
67954,23,100
67955,1,100
67960,5,100
67962,6,100
67964,20,100
67968,5,100
67972,1,100
67973,4,100
67974,4,100
67976,22,100
67977,19,100
67978,22,100
67980,31,100
67981,6,100
67985,14,100
67987,31,100
67988,10,100
67989,22,100
67991,31,100
67992,14,100
67993,31,100
67994,28,100
67998,21,100
67999,31,100
68001,31,100
68002,31,100
68009,22,100
68010,26,100
68013,1,100
68015,31,100
68016,22,100
68017,31,100
68018,31,100
68022,10,100
68023,3,100
68025,22,100
68029,20,100
68030,31,100
68032,6,100
68036,22,100
68039,10,100
68041,29,100
68042,26,100
68043,29,100
68044,1,100
68051,31,100
68053,3,100
68054,31,100
68055,22,100
68057,2,100
68058,13,100
68059,13,100
68060,12,100
68061,31,100
68063,13,100
68064,29,100
68065,29,100
68066,12,100
68067,31,100
68068,3,100
68070,31,100
68072,22,100
68073,1,100
68074,22,100
68075,4,100
68076,31,100
68077,13,100
68085,18,100
68088,6,100
68090,22,100
68092,22,100
68093,22,100
68094,8,100
68097,26,100
68098,25,100
68102,14,100
68103,14,100
68107,26,100
68108,12,100
68110,13,100
68113,8,100
68114,24,100
68115,24,100
68119,26,100
68120,26,100
68123,18,100
68124,13,100
68127,28,100
68128,12,100
68129,12,100
68130,14,100
68131,26,100
68133,6,100
68134,6,100
68135,20,100
68138,28,100
68139,28,100
68141,28,100
68144,5,100
68145,6,100
68155,11,100
68160,1,100
68161,8,100
68162,25,100
68163,18,100
68166,6,100
68168,22,100
68169,22,100
68174,10,100
68175,21,100
68177,5,100
68179,21,100
68180,21,100
68181,24,100
68182,24,100
68186,13,100
68188,6,100
68190,21,100
68194,21,100
68195,21,100
68198,1,100
68200,26,100
68202,6,100
68205,8,100
68210,6,100
68216,6,100
68218,2,100
68219,28,100
68220,30,100
68221,26,100
68223,20,100
68224,3,100
68228,13,100
68229,17,100
68231,17,100
68233,14,100
68234,1,100
68236,13,100
68238,7,100
68240,17,100
68241,29,100
68243,25,100
68245,21,100
68246,14,100
68249,21,100
68250,29,100
68251,21,100
68252,10,100
68253,29,100
68254,29,100
68255,21,100
68257,29,100
68262,5,100
68266,29,100
68267,29,100
68268,22,100
68269,29,100
68270,29,100
68271,22,100
68276,19,100
68277,25,100
68279,18,100
68282,29,100
68286,17,100
68287,26,100
68288,21,100
68290,13,100
68291,3,100
68292,0,100
68293,7,100
68294,3,100
68296,0,100
68298,20,100
68299,22,100
68302,0,100
68303,12,100
68307,29,100
68311,13,100
68314,13,100
68316,8,100
68317,7,100
68318,31,100
68320,15,100
68325,0,100
68327,12,100
68329,0,100
68330,15,100
68332,8,100
68333,12,100
68339,14,100
68342,10,100
68346,7,100
68350,25,100
68352,14,100
68356,18,100
68357,15,100
68360,29,100
68361,19,100
68364,14,100
68365,18,100
68366,16,100
68370,13,100
68372,12,100
68374,29,100
68375,29,100
68377,8,100
68381,22,100
68383,26,100
68386,13,100
68387,29,100
68389,13,100
68392,13,100
68393,1,100
68397,22,100
68399,1,100
68401,1,100
68403,1,100
68404,13,100
68405,24,100
68406,1,100
68407,13,100
68409,13,100
68411,5,100
68413,5,100
68414,12,100
68415,3,100
68420,1,100
68421,1,100
68423,14,100
68424,20,100
68425,29,100
68426,5,100
68430,13,100
68432,5,100
68435,12,100
68436,1,100
68437,13,100
68438,1,100
68439,1,100
68442,5,100
68443,5,100
68445,13,100
68448,14,100
68451,1,100
68452,5,100
68454,5,100
68455,1,100
68459,5,100
68461,13,100
68463,29,100
68468,5,100
68471,1,100
68473,14,100
68474,5,100
68479,5,100
68482,29,100
68485,29,100
68489,5,100
68491,12,100
68493,29,100
68496,8,100
68499,2,100
68501,7,100
68503,5,100
68504,0,100
68507,3,100
68510,16,100
68511,19,100
68514,29,100
68518,8,100
68520,29,100
68521,8,100
68522,4,100
68526,29,100
68528,29,100
68529,20,100
68530,8,100
68532,14,100
68534,20,100
68538,0,100
68539,16,100
68543,10,100
68544,1,100
68548,25,100
68549,7,100
68552,6,100
68553,29,100
68554,20,100
68558,1,100
68559,0,100
68562,3,100
68563,27,100
68564,7,100
68565,16,100
68566,8,100
68567,25,100
68570,8,100
68572,28,100
68573,20,100
68575,29,100
68579,6,100
68581,1,100
68583,26,100
68584,2,100
68587,19,100
68588,29,100
68589,7,100
68592,10,100
68597,26,100
68598,28,100
68599,23,100
68600,18,100
68601,26,100
68604,8,100
68605,22,100
68608,29,100
68609,0,100
68610,19,100
68612,14,100
68614,16,100
68615,17,100
68616,25,100
68620,10,100
68621,0,100
68626,25,100
68627,24,100
68629,10,100
68630,1,100
68631,20,100
68632,20,100
68634,5,100
68635,1,100
68636,4,100
68639,6,100
68640,12,100
68641,0,100
68644,6,100
68646,22,100
68651,29,100
68652,29,100
68654,4,100
68656,14,100
68657,5,100
68658,8,100
68660,29,100
68662,15,100
68663,31,100
68664,1,100
68667,1,100
68668,8,100
68671,15,100
68672,29,100
68674,29,100
68675,21,100
68677,10,100
68678,5,100
68680,6,100
68686,25,100
68692,22,100
68695,14,100
68696,29,100
68697,6,100
68699,10,100
68700,30,100
68705,29,100
68707,21,100
68709,6,100
68710,21,100
68713,27,100
68714,16,100
68717,5,100
68721,4,100
68722,20,100
68724,14,100
68726,25,100
68727,29,100
68728,10,100
68733,10,100
68735,3,100
68739,14,100
68744,4,100
68747,29,100
68749,27,100
68750,16,100
68751,8,100
68753,29,100
68755,14,100
68757,31,100
68761,12,100
68765,12,100
68766,29,100
68767,2,100
68768,21,100
68770,29,100
68777,5,100
68778,5,100
68779,29,100
68780,4,100
68781,15,100
68782,5,100
68784,10,100
68788,21,100
68789,2,100
68790,12,100
68791,2,100
68793,25,100
68797,0,100
68799,25,100
68801,16,100
68806,12,100
68808,10,100
68810,4,100
68813,18,100
68815,13,100
68817,4,100
68820,29,100
68821,15,100
68822,0,100
68824,25,100
68825,27,100
68826,16,100
68829,29,100
68830,29,100
68832,1,100
68834,5,100
68838,25,100
68841,22,100
68844,10,100
68845,23,100
68848,15,100
68849,29,100
68851,15,100
68852,18,100
68853,1,100
68854,18,100
68856,1,100
68859,20,100
68862,7,100
68864,22,100
68869,12,100
68871,22,100
68874,29,100
68875,29,100
68877,10,100
68880,25,100
68883,29,100
68885,22,100
68886,22,100
68890,18,100
68898,8,100
68900,22,100
68902,1,100
68903,1,100
68905,7,100
68909,20,100
68912,22,100
68914,18,100
68915,29,100
68922,18,100
68927,15,100
68928,0,100
68929,22,100
68930,29,100
68933,18,100
68935,18,100
68937,22,100
68938,22,100
68940,0,100
68942,22,100
68946,18,100
68949,25,100
68952,15,100
68954,18,100
68955,7,100
68958,22,100
68959,25,100
68961,15,100
68962,15,100
68963,7,100
68964,15,100
68966,22,100
68967,20,100
68969,18,100
68970,15,100
68973,25,100
68974,22,100
68976,18,100
68977,18,100
68978,23,100
68981,22,100
68982,8,100
68983,18,100
68984,14,100
68985,18,100
68986,15,100
68988,7,100
68990,15,100
68991,22,100
68992,25,100
68994,15,100
68997,18,100
68999,15,100
69003,29,100
69004,12,100
69006,26,100
69007,15,100
69008,26,100
69009,26,100
69010,24,100
69011,20,100
69012,25,100
69013,18,100
69018,18,100
69019,18,100
69021,25,100
69022,18,100
69023,22,100
69024,29,100
69025,18,100
69026,31,100
69027,31,100
69028,12,100
69033,31,100
69036,31,100
69038,31,100
69040,29,100
69041,8,100
69043,18,100
69045,18,100
69047,0,100
69049,3,100
69055,4,100
69056,22,100
69060,0,100
69061,9,100
69062,18,100
69063,12,100
69065,7,100
69066,31,100
69067,22,100
69071,18,100
69075,15,100
69077,18,100
69078,18,100
69079,12,100
69083,18,100
69084,26,100
69089,18,100
69090,15,100
69091,25,100
69094,9,100
69095,31,100
69096,9,100
69097,18,100
69099,18,100
69102,9,100
69104,15,100
69106,9,100
69107,12,100
69111,31,100
69112,31,100
69113,25,100
69115,31,100
69117,23,100
69118,7,100
69120,14,100
69121,8,100
69125,13,100
69127,21,100
69128,10,100
69129,28,100
69130,21,100
69133,5,100
69135,21,100
69136,6,100
69137,0,100
69138,17,100
69140,17,100
69141,4,100
69143,25,100
69144,17,100
69145,25,100
69148,19,100
69149,7,100
69151,1,100
69153,14,100
69154,14,100
69156,6,100
69158,5,100
69159,24,100
69160,12,100
69161,20,100
69164,10,100
69168,23,100
69169,7,100
69173,28,100
69175,17,100
69176,4,100
69179,17,100
69182,4,100
69183,25,100
69185,17,100
69186,17,100
69188,21,100
69189,17,100
69193,17,100
69194,6,100
69195,10,100
69196,19,100
69197,14,100
69198,14,100
69199,14,100
69200,1,100
69203,21,100
69204,21,100
69209,13,100
69219,17,100
69220,17,100
69221,6,100
69223,20,100
69226,4,100
69227,20,100
69228,19,100
69232,19,100
69233,14,100
69236,25,100
69237,27,100
69238,19,100
69239,6,100
69240,16,100
69242,25,100
69244,6,100
69246,7,100
69250,25,100
69256,17,100
69257,1,100
69261,6,100
69262,17,100
69264,14,100
69265,7,100
69268,25,100
69270,25,100
69271,14,100
69275,2,100
69281,28,100
69287,31,100
69289,13,100
69292,7,100
69293,25,100
69294,25,100
69296,23,100
69297,22,100
69299,8,100
69303,25,100
69304,25,100
69307,3,100
69308,26,100
69309,19,100
69311,3,100
69313,27,100
69314,16,100
69316,25,100
69317,17,100
69319,5,100
69320,11,100
69321,17,100
69323,31,100
69324,22,100
69325,14,100
69326,23,100
69328,5,100
69330,25,100
69332,10,100
69334,7,100
69335,6,100
69337,14,100
69339,25,100
69340,1,100
69347,17,100
69348,17,100
69349,0,100
69352,3,100
69354,25,100
69355,25,100
69356,4,100
69357,25,100
69359,25,100
69361,6,100
69362,0,100
69364,14,100
69367,17,100
69369,5,100
69370,29,100
69372,14,100
69373,21,100
69376,14,100
69379,14,100
69380,19,100
69382,14,100
69386,14,100
69387,20,100
69389,14,100
69391,14,100
69397,22,100
69398,14,100
69399,19,100
69403,25,100
69405,20,100
69406,21,100
69408,11,100
69411,28,100
69413,19,100
69414,3,100
69415,15,100
69416,27,100
69417,16,100
69418,25,100
69419,25,100
69421,15,100
69422,10,100
69423,28,100
69425,10,100
69426,28,100
69430,21,100
69431,5,100
69435,28,100
69436,19,100
69437,4,100
69438,8,100
69439,2,100
69442,3,100
69446,6,100
69448,19,100
69450,4,100
69451,19,100
69452,20,100
69455,5,100
69456,8,100
69458,31,100
69459,29,100
69464,22,100
69465,14,100
69466,31,100
69469,21,100
69470,25,100
69471,26,100
69473,26,100
69474,5,100
69475,14,100
69476,25,100
69477,5,100
69478,26,100
69480,26,100
69481,21,100
69486,29,100
69492,13,100
69493,3,100
69494,28,100
69496,22,100
69501,3,100
69502,22,100
69505,19,100
69508,3,100
69509,12,100
69510,21,100
69511,7,100
69512,26,100
69515,17,100
69516,6,100
69520,25,100
69522,26,100
69524,14,100
69527,5,100
69528,13,100
69530,11,100
69533,19,100
69539,19,100
69540,6,100
69542,20,100
69544,15,100
69545,22,100
69546,20,100
69548,5,100
69552,13,100
69553,13,100
69555,25,100
69556,25,100
69557,1,100
69559,24,100
69562,22,100
69564,21,100
69565,25,100
69566,25,100
69567,24,100
69568,0,100
69570,3,100
69571,11,100
69573,16,100
69575,5,100
69576,20,100
69577,6,100
69580,17,100
69582,1,100
69584,1,100
69587,17,100
69589,25,100
69591,28,100
69592,8,100
69593,14,100
69595,1,100
69596,10,100
69597,19,100
69598,5,100
69600,25,100
69601,11,100
69602,20,100
69604,25,100
69605,22,100
69606,22,100
69607,17,100
69609,5,100
69611,17,100
69613,21,100
69614,8,100
69618,25,100
69621,26,100
69622,15,100
69627,28,100
69628,19,100
69629,17,100
69630,6,100
69631,15,100
69632,14,100
69633,17,100
69636,15,100
69637,17,100
69638,7,100
69640,21,100
69641,6,100
69643,25,100
69644,4,100
69645,1,100
69648,14,100
69649,25,100
69655,11,100
69656,17,100
69657,11,100
69658,17,100
69660,17,100
69662,0,100
69663,1,100
69664,19,100
69665,27,100
69667,22,100
69668,16,100
69670,1,100
69671,7,100
69673,5,100
69675,29,100
69679,24,100
69680,25,100
69682,7,100
69684,13,100
69685,6,100
69688,25,100
69689,1,100
69692,14,100
69693,22,100
69695,5,100
69697,10,100
69698,1,100
69699,13,100
69703,0,100
69704,19,100
69705,27,100
69706,16,100
69708,21,100
69709,6,100
69710,12,100
69713,28,100
69717,14,100
69719,14,100
69721,25,100
69722,4,100
69723,5,100
69727,20,100
69728,21,100
69729,21,100
69730,29,100
69732,29,100
69733,28,100
69735,25,100
69736,20,100
69737,5,100
69740,25,100
69743,0,100
69744,27,100
69746,16,100
69747,6,100
69749,10,100
69750,1,100
69752,4,100
69753,13,100
69755,12,100
69756,6,100
69757,25,100
69761,29,100
69766,24,100
69769,26,100
69771,21,100
69773,19,100
69774,4,100
69780,0,100
69781,19,100
69782,15,100
69784,15,100
69787,19,100
69789,6,100
69790,21,100
69791,12,100
69792,19,100
69793,1,100
69796,29,100
69798,1,100
69800,21,100
69801,28,100
69802,31,100
69804,14,100
69805,25,100
69808,10,100
69811,25,100
69813,10,100
69816,22,100
69818,15,100
69819,16,100
69821,15,100
69823,14,100
69824,24,100
69826,0,100
69828,0,100
69829,22,100
69834,1,100
69839,19,100
69840,3,100
69841,13,100
69842,21,100
69845,1,100
69846,4,100
69849,24,100
69851,14,100
69857,0,100
69858,0,100
69860,24,100
69867,0,100
69870,20,100
69871,12,100
69872,20,100
69873,0,100
69875,0,100
69877,12,100
69878,15,100
69880,4,100
69881,0,100
69883,0,100
69884,0,100
69886,28,100
69888,12,100
69889,13,100
69891,24,100
69892,7,100
69895,3,100
69897,15,100
69898,0,100
69900,12,100
69901,1,100
69905,12,100
69908,22,100
69910,25,100
69913,18,100
69917,13,100
69919,20,100
69920,1,100
69921,9,100
69923,10,100
69924,10,100
69927,29,100
69933,4,100
69934,25,100
69935,22,100
69937,15,100
69938,24,100
69940,13,100
69941,7,100
69942,14,100
69944,4,100
69945,14,100
69946,3,100
69947,3,100
69948,1,100
69950,5,100
69953,23,100
69954,25,100
69956,13,100
69957,13,100
69958,19,100
69960,17,100
69962,29,100
69964,8,100
69965,17,100
69968,1,100
69970,14,100
69971,11,100
69972,10,100
69973,25,100
69976,14,100
69977,29,100
69978,31,100
69979,8,100
69982,10,100
69983,14,100
69984,14,100
69987,20,100
69988,0,100
69989,19,100
69990,3,100
69991,27,100
69992,25,100
69993,26,100
69994,22,100
69995,25,100
69999,11,100
70001,25,100
70002,7,100
70003,17,100
70004,17,100
70006,0,100
70007,15,100
70008,27,100
70012,19,100
70013,20,100
70018,22,100
70019,17,100
70020,14,100
70023,27,100
70025,25,100
70026,0,100
70032,11,100
70033,23,100
70036,23,100
70039,23,100
70040,23,100
70041,0,100
70042,19,100
70044,19,100
70045,19,100
70046,16,100
70048,25,100
70050,22,100
70052,11,100
70054,25,100
70055,25,100
70056,23,100
70057,14,100
70058,26,100
70059,29,100
70060,29,100
70061,23,100
70062,14,100
70064,11,100
70065,11,100
70066,10,100
70068,25,100
70070,19,100
70071,29,100
70075,19,100
70076,0,100
70078,27,100
70081,19,100
70082,23,100
70083,22,100
70086,4,100
70087,29,100
70088,14,100
70090,11,100
70094,14,100
70095,18,100
70098,1,100
70099,3,100
70101,19,100
70105,19,100
70107,25,100
70108,28,100
70110,4,100
70113,10,100
70115,14,100
70116,19,100
70117,22,100
70118,24,100
70120,14,100
70125,6,100
70128,6,100
70129,10,100
70131,29,100
70133,3,100
70136,10,100
70137,19,100
70138,19,100
70139,15,100
70140,27,100
70141,16,100
70142,19,100
70145,20,100
70146,15,100
70149,1,100
70151,4,100
70155,15,100
70156,25,100
70159,25,100
70161,7,100
70163,1,100
70165,27,100
70170,19,100
70171,11,100
70172,1,100
70174,20,100
70175,25,100
70178,3,100
70181,3,100
70182,31,100
70184,0,100
70186,23,100
70187,14,100
70189,1,100
70191,22,100
70195,25,100
70196,14,100
70197,26,100
70200,17,100
70203,28,100
70205,23,100
70206,7,100
70208,19,100
70212,14,100
70214,17,100
70215,17,100
70216,21,100
70217,13,100
70222,19,100
70223,27,100
70226,14,100
70230,22,100
70232,11,100
70234,0,100
70235,27,100
70237,19,100
70241,6,100
70242,19,100
70244,27,100
70245,16,100
70250,25,100
70256,14,100
70257,29,100
70260,25,100
70262,0,100
70266,21,100
70273,4,100
70274,21,100
70277,28,100
70279,7,100
70280,22,100
70281,14,100
70282,25,100
70284,20,100
70286,7,100
70287,15,100
70289,0,100
70292,21,100
70295,3,100
70296,22,100
70297,6,100
70302,21,100
70306,12,100
70308,18,100
70314,14,100
70315,18,100
70317,18,100
70321,21,100
70324,8,100
70327,25,100
70328,15,100
70329,25,100
70330,25,100
70332,0,100
70334,27,100
70335,16,100
70336,22,100
70337,29,100
70341,25,100
70343,25,100
70346,3,100
70348,16,100
70349,18,100
70351,28,100
70352,1,100
70355,29,100
70356,18,100
70358,4,100
70359,18,100
70360,19,100
70361,7,100
70363,18,100
70365,29,100
70367,14,100
70368,14,100
70369,22,100
70370,0,100
70372,20,100
70373,9,100
70374,22,100
70376,0,100
70379,15,100
70380,26,100
70381,18,100
70384,23,100
70387,13,100
70389,31,100
70391,12,100
70395,4,100
70396,31,100
70397,24,100
70398,10,100
70401,29,100
70403,10,100
70405,0,100
70406,2,100
70407,18,100
70413,14,100
70414,29,100
70415,29,100
70416,0,100
70419,27,100
70425,7,100
70428,5,100
70430,25,100
70431,10,100
70432,8,100
70433,1,100
70435,22,100
70436,10,100
70438,7,100
70439,27,100
70443,0,100
70444,22,100
70445,1,100
70446,7,100
70447,27,100
70451,19,100
70452,7,100
70454,29,100
70455,21,100
70457,27,100
70458,25,100
70460,0,100
70462,27,100
70464,29,100
70465,25,100
70466,17,100
70468,17,100
70470,1,100
70479,16,100
70481,14,100
70483,25,100
70485,27,100
70488,27,100
70489,16,100
70491,18,100
70495,27,100
70497,14,100
70502,25,100
70504,21,100
70505,0,100
70508,25,100
70513,7,100
70516,4,100
70517,19,100
70520,7,100
70521,25,100
70522,27,100
70524,8,100
70525,30,100
70531,9,100
70535,9,100
70536,0,100
70537,25,100
70539,16,100
70541,22,100
70544,7,100
70546,6,100
70547,10,100
70548,9,100
70549,9,100
70550,9,100
70551,9,100
70552,18,100
70554,28,100
70556,7,100
70557,21,100
70566,6,100
70568,6,100
70570,21,100
70573,31,100
70574,31,100
70575,31,100
70576,31,100
70577,22,100
70579,31,100
70582,24,100
70583,5,100
70584,31,100
70590,1,100
70593,9,100
70594,9,100
70595,25,100
70596,9,100
70598,9,100
70602,29,100
70608,24,100
70609,31,100
70612,9,100
70613,9,100
70614,24,100
70615,22,100
70616,31,100
70617,24,100
70619,31,100
70620,31,100
70621,22,100
70622,20,100
70623,31,100
70625,29,100
70626,9,100
70628,13,100
70629,20,100
70630,5,100
70633,21,100
70634,9,100
70637,29,100
70638,1,100
70644,20,100
70650,1,100
70652,9,100
70659,9,100
70660,9,100
70661,28,100
70662,14,100
70664,29,100
70667,9,100
70668,9,100
70669,9,100
70671,9,100
70673,9,100
70677,28,100
70680,25,100
70681,29,100
70684,17,100
70685,17,100
70686,18,100
70688,25,100
70689,7,100
70692,15,100
70693,15,100
70694,19,100
70695,11,100
70696,1,100
70698,13,100
70699,21,100
70700,31,100
70702,28,100
70707,8,100
70710,4,100
70711,10,100
70712,19,100
70715,4,100
70717,19,100
70718,13,100
70719,26,100
70725,17,100
70727,1,100
70731,3,100
70732,3,100
70734,21,100
70735,28,100
70736,3,100
70738,17,100
70742,14,100
70743,13,100
70745,21,100
70747,14,100
70748,6,100
70749,24,100
70752,1,100
70753,14,100
70754,14,100
70756,17,100
70757,17,100
70758,17,100
70759,17,100
70760,17,100
70761,17,100
70762,29,100
70764,17,100
70767,15,100
70768,22,100
70769,17,100
70771,14,100
70772,14,100
70773,14,100
70774,22,100
70778,24,100
70782,25,100
70785,14,100
70787,23,100
70789,31,100
70790,19,100
70796,17,100
70797,20,100
70801,1,100
70802,11,100
70804,8,100
70805,8,100
70806,5,100
70808,8,100
70809,20,100
70810,21,100
70811,26,100
70813,14,100
70818,10,100
70820,29,100
70822,21,100
70823,26,100
70824,20,100
70827,14,100
70828,31,100
70829,8,100
70830,4,100
70833,31,100
70834,10,100
70836,7,100
70837,14,100
70839,25,100
70840,14,100
70845,14,100
70848,17,100
70849,1,100
70850,25,100
70851,25,100
70852,21,100
70853,21,100
70858,14,100
70859,22,100
70860,28,100
70861,3,100
70862,14,100
70863,1,100
70865,20,100
70866,22,100
70868,0,100
70869,2,100
70870,19,100
70873,3,100
70876,31,100
70877,19,100
70879,2,100
70884,12,100
70885,29,100
70887,14,100
70892,7,100
70893,28,100
70894,14,100
70896,17,100
70898,17,100
70900,21,100
70903,10,100
70905,22,100
70906,22,100
70907,22,100
70909,15,100
70914,3,100
70915,3,100
70919,0,100
70922,1,100
70923,31,100
70924,22,100
70925,10,100
70926,8,100
70927,8,100
70928,25,100
70931,3,100
70932,14,100
70933,12,100
70936,17,100
70937,19,100
70939,23,100
70940,20,100
70941,3,100
70943,0,100
70944,19,100
70946,21,100
70950,3,100
70951,10,100
70952,14,100
70954,11,100
70958,14,100
70962,14,100
70963,24,100
70965,26,100
70967,25,100
70970,22,100
70972,13,100
70973,25,100
70974,28,100
70982,19,100
70983,22,100
70985,27,100
70987,22,100
70988,25,100
70989,8,100
70991,6,100
70993,11,100
70996,17,100
70997,14,100
70999,1,100
71000,21,100
71002,25,100
71003,10,100
71006,29,100
71008,3,100
71009,14,100
71010,24,100
71018,19,100
71020,31,100
71022,1,100
71023,27,100
71024,16,100
71026,12,100
71029,31,100
71030,31,100
71032,25,100
71034,20,100
71036,10,100
71037,6,100
71039,19,100
71040,14,100
71047,25,100
71049,28,100
71056,27,100
71057,16,100
71061,25,100
71065,14,100
71067,8,100
71068,8,100
71069,13,100
71070,25,100
71075,31,100
71076,22,100
71078,14,100
71079,31,100
71080,19,100
71084,20,100
71089,21,100
71090,11,100
71092,14,100
71093,21,100
71095,14,100
71096,25,100
71097,4,100
71100,28,100
71103,20,100
71104,22,100
71105,3,100
71107,3,100
71109,20,100
71110,17,100
71111,3,100
71113,17,100
71115,17,100
71119,7,100
71125,20,100
71130,28,100
71131,31,100
71133,17,100
71136,17,100
71137,17,100
71140,17,100
71141,7,100
71142,25,100
71143,17,100
71145,25,100
71157,17,100
71161,0,100
71163,19,100
71164,25,100
71169,24,100
71171,25,100
71173,15,100
71175,26,100
71176,28,100
71177,21,100
71178,26,100
71179,13,100
71182,7,100
71183,25,100
71184,26,100
71188,31,100
71190,16,100
71191,10,100
71193,12,100
71194,8,100
71195,13,100
71197,13,100
71198,8,100
71199,23,100
71201,0,100
71202,25,100
71203,27,100
71205,11,100
71207,24,100
71208,13,100
71209,6,100
71212,28,100
71213,13,100
71214,25,100
71217,14,100
71219,7,100
71222,10,100
71223,8,100
71224,21,100
71225,8,100
71226,10,100
71228,25,100
71230,30,100
71231,19,100
71233,8,100
71237,27,100
71238,16,100
71239,20,100
71245,21,100
71247,10,100
71251,7,100
71252,3,100
71253,28,100
71256,28,100
71261,25,100
71262,28,100
71265,15,100
71266,28,100
71267,25,100
71268,24,100
71270,25,100
71271,10,100
71272,1,100
71275,0,100
71277,25,100
71278,27,100
71280,28,100
71281,22,100
71283,18,100
71284,20,100
71286,13,100
71287,14,100
71292,8,100
71294,13,100
71297,13,100
71298,13,100
71299,25,100
71302,14,100
71304,3,100
71305,3,100
71306,25,100
71307,0,100
71316,24,100
71321,23,100
71323,28,100
71329,25,100
71332,1,100
71335,6,100
71337,22,100
71340,6,100
71341,24,100
71345,18,100
71346,16,100
71348,24,100
71349,12,100
71351,15,100
71352,10,100
71353,24,100
71355,18,100
71357,15,100
71359,24,100
71360,8,100
71361,2,100
71362,10,100
71364,8,100
71365,18,100
71367,13,100
71369,18,100
71372,20,100
71373,9,100
71374,18,100
71375,24,100
71377,0,100
71378,3,100
71380,20,100
71381,6,100
71382,26,100
71383,22,100
71385,14,100
71390,22,100
71392,8,100
71393,3,100
71394,7,100
71396,19,100
71397,22,100
71398,18,100
71399,12,100
71400,8,100
71401,13,100
71402,25,100
71403,25,100
71406,7,100
71407,2,100
71408,31,100
71409,14,100
71410,25,100
71411,13,100
71412,17,100
71413,17,100
71414,22,100
71415,13,100
71416,7,100
71419,29,100
71420,25,100
71422,25,100
71424,25,100
71426,4,100
71434,4,100
71436,8,100
71440,21,100
71444,17,100
71446,17,100
71449,7,100
71450,13,100
71451,13,100
71452,29,100
71454,4,100
71457,29,100
71460,25,100
71461,13,100
71463,29,100
71464,25,100
71470,19,100
71476,10,100
71477,22,100
71478,10,100
71479,10,100
71480,25,100
71481,0,100
71483,11,100
71488,3,100
71489,4,100
71490,4,100
71491,2,100
71495,19,100
71501,12,100
71502,16,100
71503,0,100
71505,10,100
71506,25,100
71507,29,100
71508,10,100
71511,19,100
71512,10,100
71517,25,100
71518,29,100
71523,0,100
71526,27,100
71527,2,100
71528,16,100
71532,19,100
71534,27,100
71535,16,100
71536,14,100
71538,0,100
71539,11,100
71541,16,100
71542,20,100
71546,2,100
71547,16,100
71549,25,100
71551,27,100
71552,6,100
71553,0,100
71554,25,100
71555,11,100
71560,21,100
71562,25,100
71566,4,100
71568,0,100
71572,21,100
71575,21,100
71578,11,100
71579,27,100
71580,3,100
71581,20,100
71583,18,100
71584,8,100
71585,10,100
71586,29,100
71588,4,100
71589,18,100
71592,22,100
71593,1,100
71595,13,100
71597,25,100
71599,25,100
71601,2,100
71603,9,100
71604,9,100
71605,9,100
71606,9,100
71607,9,100
71608,9,100
71614,3,100
71619,15,100
71623,25,100
71624,15,100
71625,7,100
71628,15,100
71630,9,100
71634,18,100
71636,9,100
71638,9,100
71639,25,100
71640,31,100
71644,21,100
71646,9,100
71648,9,100
71649,9,100
71650,24,100
71653,9,100
71654,19,100
71658,19,100
71659,24,100
71660,19,100
71661,3,100
71662,1,100
71663,25,100
71664,31,100
71665,6,100
71666,6,100
71668,25,100
71669,6,100
71670,0,100
71673,6,100
71674,6,100
71676,24,100
71679,7,100
71680,11,100
71681,27,100
71682,6,100
71684,22,100
71686,11,100
71687,20,100
71689,4,100
71690,4,100
71692,0,100
71693,27,100
71698,22,100
71699,7,100
71701,0,100
71703,27,100
71704,22,100
71710,19,100
71712,0,100
71714,19,100
71716,1,100
71717,17,100
71720,2,100
71722,19,100
71723,19,100
71724,11,100
71729,28,100
71730,11,100
71731,0,100
71732,19,100
71733,11,100
71734,7,100
71735,5,100
71737,19,100
71738,5,100
71740,5,100
71741,10,100
71742,0,100
71747,11,100
71748,0,100
71750,0,100
71751,11,100
71752,19,100
71754,11,100
71755,19,100
71756,28,100
71757,0,100
71758,19,100
71759,11,100
71760,22,100
71761,25,100
71763,29,100
71764,4,100
71766,24,100
71768,22,100
71770,29,100
71772,13,100
71775,21,100
71780,31,100
71781,2,100
71782,29,100
71783,29,100
71785,29,100
71787,29,100
71788,21,100
71789,29,100
71790,13,100
71793,0,100
71797,29,100
71798,4,100
71799,13,100
71801,29,100
71804,13,100
71807,4,100
71808,0,100
71809,11,100
71810,19,100
71812,8,100
71813,0,100
71815,27,100
71818,19,100
71822,19,100
71830,27,100
71837,13,100
71841,27,100
71843,10,100
71844,29,100
71845,29,100
71848,29,100
71850,8,100
71851,5,100
71852,17,100
71856,17,100
71861,6,100
71862,13,100
71863,19,100
71864,17,100
71866,8,100
71868,8,100
71869,29,100
71872,7,100
71874,22,100
71875,2,100
71876,5,100
71877,5,100
71879,5,100
71881,6,100
71883,1,100
71884,19,100
71886,17,100
71888,5,100
71890,24,100
71893,26,100
71898,20,100
71899,31,100
71900,13,100
71901,21,100
71902,15,100
71903,11,100
71904,6,100
71905,5,100
71911,8,100
71912,19,100
71914,26,100
71915,14,100
71917,27,100
71919,8,100
71920,6,100
71921,8,100
71925,10,100
71926,25,100
71929,20,100
71930,29,100
71931,13,100
71933,27,100
71935,5,100
71936,5,100
71937,29,100
71938,6,100
71940,19,100
71941,6,100
71943,6,100
71944,6,100
71945,5,100
71946,29,100
71949,24,100
71951,31,100
71952,4,100
71953,5,100
71954,26,100
71955,6,100
71958,5,100
71959,8,100
71962,14,100
71963,29,100
71964,13,100
71965,14,100
71968,6,100
71969,29,100
71970,6,100
71971,4,100
71972,5,100
71974,6,100
71976,5,100
71977,1,100
71985,25,100
71987,25,100
71989,25,100
71990,25,100
71991,25,100
71992,19,100
71994,10,100
71999,0,100
72001,16,100
72003,4,100
72004,18,100
72006,29,100
72011,0,100
72016,1,100
72017,10,100
72018,8,100
72019,0,100
72020,3,100
72023,18,100
72028,0,100
72029,27,100
72030,16,100
72032,29,100
72037,29,100
72039,25,100
72040,15,100
72041,22,100
72044,0,100
72049,20,100
72050,3,100
72051,18,100
72054,0,100
72056,12,100
72057,0,100
72058,28,100
72060,7,100
72062,7,100
72063,12,100
72064,15,100
72065,7,100
72066,25,100
72067,15,100
72070,0,100
72071,15,100
72072,31,100
72073,22,100
72077,3,100
72078,3,100
72079,3,100
72081,29,100
72085,8,100
72086,29,100
72087,9,100
72091,9,100
72094,13,100
72096,18,100
72097,12,100
72098,18,100
72100,8,100
72111,15,100
72113,25,100
72116,18,100
72118,10,100
72119,18,100
72120,18,100
72121,18,100
72122,1,100
72125,22,100
72128,18,100
72129,18,100
72130,18,100
72132,18,100
72135,18,100
72137,18,100
72139,4,100
72140,18,100
72142,18,100
72145,18,100
72147,5,100
72148,18,100
72149,18,100
72150,18,100
72151,18,100
72152,18,100
72155,18,100
72156,18,100
72157,18,100
72159,18,100
72160,15,100
72163,29,100
72164,18,100
72165,18,100
72166,29,100
72167,30,100
72169,18,100
72172,15,100
72174,7,100
72180,0,100
72183,0,100
72184,7,100
72185,0,100
72186,0,100
72187,12,100
72188,4,100
72191,12,100
72192,13,100
72193,12,100
72194,5,100
72196,18,100
72198,12,100
72199,9,100
72200,31,100
72202,29,100
72205,18,100
72206,15,100
72207,12,100
72208,30,100
72210,7,100
72213,24,100
72214,17,100
72215,24,100
72217,18,100
72218,18,100
72221,18,100
72222,8,100
72223,15,100
72228,18,100
72229,24,100
72234,20,100
72235,12,100
72236,19,100
72238,19,100
72239,18,100
72241,15,100
72243,29,100
72244,18,100
72247,18,100
72248,4,100
72250,12,100
72251,1,100
72252,17,100
72253,0,100
72256,18,100
72259,0,100
72260,19,100
72261,8,100
72262,19,100
72263,0,100
72266,20,100
72268,4,100
72269,14,100
72270,10,100
72275,19,100
72276,0,100
72278,19,100
72279,17,100
72280,0,100
72281,7,100
72282,19,100
72283,13,100
72284,31,100
72285,20,100
72286,18,100
72289,22,100
72290,19,100
72291,16,100
72292,29,100
72294,0,100
72295,3,100
72296,10,100
72297,16,100
72299,0,100
72301,19,100
72304,25,100
72305,16,100
72310,13,100
72313,8,100
72314,0,100
72316,22,100
72318,16,100
72319,13,100
72324,27,100
72325,16,100
72326,0,100
72327,7,100
72329,16,100
72331,6,100
72334,1,100
72335,2,100
72336,9,100
72341,19,100
72343,19,100
72344,6,100
72345,21,100
72347,11,100
72350,6,100
72352,17,100
72357,19,100
72359,5,100
72362,9,100
72363,6,100
72364,17,100
72365,17,100
72366,3,100
72368,17,100
72371,4,100
72375,13,100
72376,13,100
72380,24,100
72381,17,100
72384,13,100
72385,29,100
72389,10,100
72395,11,100
72396,14,100
72397,0,100
72398,19,100
72399,3,100
72401,6,100
72403,11,100
72404,13,100
72405,22,100
72406,26,100
72407,6,100
72408,14,100
72410,4,100
72411,14,100
72412,30,100
72415,17,100
72416,6,100
72418,21,100
72419,4,100
72421,14,100
72422,31,100
72423,6,100
72424,31,100
72426,11,100
72428,0,100
72429,19,100
72431,19,100
72432,19,100
72433,7,100
72434,8,100
72437,14,100
72440,14,100
72441,10,100
72442,5,100
72443,29,100
72444,14,100
72445,28,100
72446,7,100
72447,25,100
72448,28,100
72449,5,100
72450,5,100
72453,26,100
72456,11,100
72458,20,100
72459,14,100
72462,6,100
72463,3,100
72465,3,100
72466,2,100
72470,0,100
72472,17,100
72473,27,100
72475,0,100
72477,5,100
72479,20,100
72481,7,100
72483,7,100
72486,22,100
72487,7,100
72488,24,100
72490,10,100
72491,0,100
72493,31,100
72496,3,100
72500,4,100
72504,1,100
72506,0,100
72510,3,100
72511,0,100
72512,21,100
72515,7,100
72517,25,100
72520,10,100
72521,7,100
72522,19,100
72523,15,100
72526,1,100
72527,29,100
72529,20,100
72532,31,100
72533,10,100
72535,4,100
72536,31,100
72538,14,100
72543,14,100
72546,20,100
72548,22,100
72549,20,100
72552,21,100
72555,5,100
72556,8,100
72558,24,100
72559,13,100
72560,7,100
72562,14,100
72564,14,100
72566,10,100
72568,22,100
72569,20,100
72570,29,100
72579,29,100
72580,25,100
72581,10,100
72583,3,100
72584,25,100
72585,21,100
72591,0,100
72593,27,100
72596,16,100
72598,3,100
72599,3,100
72600,3,100
72602,19,100
72606,25,100
72608,3,100
72609,6,100
72610,15,100
72611,3,100
72612,3,100
72622,29,100
72624,7,100
72626,29,100
72627,5,100
72628,25,100
72630,5,100
72632,29,100
72634,22,100
72636,15,100
72637,31,100
72638,13,100
72641,13,100
72642,24,100
72643,29,100
72646,29,100
72647,8,100
72650,26,100
72653,8,100
72654,20,100
72655,10,100
72659,25,100
72661,17,100
72665,10,100
72667,14,100
72669,17,100
72670,1,100
72671,3,100
72672,3,100
72673,10,100
72674,3,100
72675,3,100
72676,0,100
72677,19,100
72678,19,100
72680,3,100
72685,11,100
72687,21,100
72688,1,100
72690,26,100
72693,29,100
72695,20,100
72696,29,100
72697,10,100
72698,3,100
72699,29,100
72705,14,100
72707,29,100
72709,8,100
72711,17,100
72714,3,100
72716,29,100
72718,21,100
72719,6,100
72720,20,100
72721,14,100
72724,3,100
72726,25,100
72729,11,100
72732,5,100
72734,3,100
72736,3,100
72737,0,100
72738,19,100
72740,15,100
72745,3,100
72747,15,100
72748,7,100
72749,3,100
72751,26,100
72753,4,100
72754,20,100
72755,19,100
72756,17,100
72757,19,100
72758,20,100
72759,29,100
72760,31,100
72761,13,100
72763,5,100
72764,13,100
72768,4,100
72769,29,100
72770,31,100
72771,25,100
72772,25,100
72775,0,100
72777,12,100
72785,25,100
72786,12,100
72787,20,100
72794,25,100
72797,28,100
72798,29,100
72801,5,100
72803,12,100
72804,29,100
72809,29,100
72811,10,100
72814,29,100
72815,21,100
72817,19,100
72818,8,100
72820,1,100
72823,22,100
72824,3,100
72825,13,100
72826,26,100
72829,25,100
72830,7,100
72831,7,100
72834,10,100
72835,4,100
72837,13,100
72838,20,100
72839,28,100
72840,19,100
72841,5,100
72845,7,100
72846,4,100
72851,22,100
72854,4,100
72857,29,100
72858,10,100
72859,10,100
72860,29,100
72862,10,100
72863,3,100
72864,3,100
72865,31,100
72866,8,100
72872,28,100
72873,29,100
72875,22,100
72876,29,100
72877,29,100
72878,23,100
72879,17,100
72882,15,100
72884,3,100
72888,15,100
72889,15,100
72890,3,100
72891,15,100
72893,3,100
72895,15,100
72896,8,100
72897,7,100
72898,19,100
72899,7,100
72900,5,100
72901,21,100
72904,19,100
72905,19,100
72906,13,100
72907,29,100
72910,8,100
72911,6,100
72912,10,100
72913,4,100
72915,29,100
72919,3,100
72921,13,100
72922,8,100
72923,7,100
72924,17,100
72926,21,100
72929,3,100
72931,30,100
72935,25,100
72937,25,100
72938,5,100
72945,16,100
72946,12,100
72948,5,100
72950,8,100
72951,25,100
72952,25,100
72953,25,100
72955,31,100
72957,25,100
72958,31,100
72963,0,100
72965,10,100
72966,21,100
72970,25,100
72971,25,100
72974,10,100
72978,20,100
72979,10,100
72983,10,100
72984,16,100
72985,25,100
72987,4,100
72989,22,100
72990,25,100
72992,28,100
72993,11,100
72995,11,100
73000,25,100
73003,25,100
73005,25,100
73006,25,100
73007,25,100
73008,25,100
73009,25,100
73010,25,100
73012,10,100
73014,26,100
73015,12,100
73017,10,100
73018,25,100
73019,25,100
73020,11,100
73021,0,100
73023,25,100
73024,25,100
73025,11,100
73026,3,100
73028,3,100
73031,15,100
73032,2,100
73033,27,100
73036,15,100
73037,0,100
73041,15,100
73043,21,100
73045,15,100
73046,3,100
73047,15,100
73049,3,100
73050,22,100
73051,15,100
73052,3,100
73053,24,100
73054,22,100
73055,21,100
73056,11,100
73057,20,100
73060,4,100
73061,0,100
73066,8,100
73069,8,100
73073,12,100
73076,29,100
73078,12,100
73080,10,100
73081,18,100
73082,15,100
73083,18,100
73088,15,100
73089,3,100
73090,7,100
73092,21,100
73093,13,100
73095,11,100
73096,18,100
73097,9,100
73099,31,100
73101,27,100
73102,16,100
73103,24,100
73104,13,100
73106,14,100
73110,12,100
73111,12,100
73112,10,100
73113,15,100
73114,7,100
73117,22,100
73120,17,100
73122,20,100
73123,24,100
73125,14,100
73127,24,100
73128,21,100
73129,25,100
73132,20,100
73136,31,100
73137,22,100
73138,24,100
73139,25,100
73141,25,100
73142,25,100
73145,0,100
73146,15,100
73147,15,100
73148,18,100
73149,0,100
73151,19,100
73152,12,100
73154,14,100
73156,18,100
73160,13,100
73161,13,100
73164,18,100
73172,9,100
73176,9,100
73179,13,100
73184,13,100
73186,29,100
73187,6,100
73188,8,100
73189,21,100
73190,31,100
73192,5,100
73194,24,100
73195,25,100
73196,8,100
73197,4,100
73199,19,100
73200,17,100
73203,8,100
73204,4,100
73205,6,100
73208,6,100
73209,4,100
73210,4,100
73211,4,100
73214,6,100
73216,6,100
73217,10,100
73218,17,100
73219,21,100
73221,1,100
73223,24,100
73227,13,100
73234,6,100
73237,20,100
73238,22,100
73239,13,100
73241,17,100
73242,0,100
73243,2,100
73248,19,100
73249,1,100
73250,3,100
73252,1,100
73253,4,100
73254,22,100
73255,8,100
73256,8,100
73258,14,100
73259,8,100
73260,20,100
73261,14,100
73266,1,100
73267,1,100
73268,31,100
73270,8,100
73274,29,100
73276,8,100
73278,29,100
73279,4,100
73280,13,100
73281,1,100
73283,1,100
73286,26,100
73291,7,100
73293,7,100
73295,8,100
73296,4,100
73298,7,100
73299,3,100
73303,15,100
73304,8,100
73305,22,100
73307,15,100
73308,3,100
73311,15,100
73314,22,100
73316,12,100
73317,14,100
73320,14,100
73322,24,100
73323,31,100
73325,10,100
73326,8,100
73328,28,100
73329,14,100
73333,13,100
73334,29,100
73337,14,100
73341,24,100
73342,5,100
73343,3,100
73344,27,100
73349,12,100
73350,21,100
73351,1,100
73353,29,100
73354,22,100
73357,4,100
73358,20,100
73360,22,100
73362,28,100
73363,8,100
73364,31,100
73365,27,100
73367,19,100
73368,10,100
73371,20,100
73378,20,100
73380,31,100
73381,0,100
73383,27,100
73385,13,100
73386,22,100
73387,29,100
73389,21,100
73392,5,100
73393,0,100
73394,2,100
73397,12,100
73400,2,100
73403,4,100
73405,5,100
73409,13,100
73411,6,100
73412,29,100
73413,31,100
73421,15,100
73425,18,100
73426,6,100
73430,5,100
73431,25,100
73434,14,100
73435,28,100
73437,4,100
73439,31,100
73442,8,100
73443,4,100
73444,31,100
73446,3,100
73447,4,100
73448,4,100
73449,6,100
73452,25,100
73456,26,100
73457,8,100
73459,8,100
73460,20,100
73462,23,100
73464,6,100
73466,15,100
73467,18,100
73468,14,100
73472,23,100
73473,20,100
73476,21,100
73478,23,100
73481,21,100
73483,29,100
73484,21,100
73485,31,100
73486,10,100
73487,1,100
73488,8,100
73490,30,100
73492,10,100
73494,11,100
73497,3,100
73498,16,100
73499,6,100
73500,4,100
73504,12,100
73505,1,100
73510,31,100
73515,5,100
73518,26,100
73520,7,100
73521,6,100
73522,5,100
73525,6,100
73533,21,100
73534,21,100
73538,14,100
73544,21,100
73546,8,100
73550,18,100
73552,31,100
73555,14,100
73556,25,100
73557,21,100
73558,25,100
73559,6,100
73560,31,100
73561,31,100
73562,1,100
73564,10,100
73565,20,100
73566,7,100
73570,14,100
73571,24,100
73573,6,100
73574,6,100
73575,20,100
73576,21,100
73578,14,100
73579,29,100
73582,4,100
73585,4,100
73589,13,100
73590,10,100
73593,0,100
73594,8,100
73595,29,100
73600,11,100
73604,14,100
73605,22,100
73607,25,100
73610,6,100
73611,6,100
73612,22,100
73614,16,100
73615,24,100
73618,2,100
73619,7,100
73621,31,100
73627,13,100
73628,10,100
73629,13,100
73630,6,100
73632,14,100
73636,5,100
73639,4,100
73640,4,100
73645,8,100
73646,31,100
73647,31,100
73650,8,100
73655,29,100
73658,29,100
73659,4,100
73660,21,100
73661,18,100
73663,21,100
73670,10,100
73671,29,100
73672,25,100
73676,8,100
73677,6,100
73679,4,100
73681,10,100
73684,29,100
73687,29,100
73691,29,100
73693,21,100
73696,18,100
73697,4,100
73699,15,100
73700,25,100
73701,21,100
73707,27,100
73711,8,100
73713,12,100
73716,10,100
73718,12,100
73720,21,100
73726,8,100
73727,8,100
73729,31,100
73731,29,100
73732,0,100
73734,4,100
73735,31,100
73736,10,100
73737,29,100
73739,8,100
73742,29,100
73743,8,100
73747,29,100
73749,14,100
73751,29,100
73753,29,100
73754,8,100
73759,14,100
73760,5,100
73761,14,100
73763,20,100
73764,21,100
73766,8,100
73767,29,100
73769,10,100
73771,10,100
73772,8,100
73773,29,100
73775,29,100
73776,4,100
73777,14,100
73778,6,100
73782,20,100
73783,29,100
73785,3,100
73787,27,100
73789,10,100
73791,8,100
73792,28,100
73793,26,100
73795,7,100
73796,19,100
73799,13,100
73804,25,100
73810,21,100
73811,6,100
73812,6,100
73814,10,100
73815,4,100
73816,7,100
73817,23,100
73819,4,100
73821,25,100
73824,14,100
73825,24,100
73826,23,100
73827,6,100
73828,28,100
73829,4,100
73831,29,100
73833,6,100
73834,2,100
73835,13,100
73837,8,100
73838,2,100
73841,26,100
73842,19,100
73845,8,100
73848,19,100
73849,20,100
73856,22,100
73857,25,100
73858,18,100
73859,29,100
73860,29,100
73863,25,100
73864,10,100
73865,29,100
73866,10,100
73867,0,100
73868,22,100
73871,4,100
73872,28,100
73873,29,100
73874,12,100
73875,22,100
73877,8,100
73879,29,100
73881,1,100
73887,29,100
73890,5,100
73891,6,100
73892,10,100
73893,31,100
73894,14,100
73895,7,100
73897,9,100
73898,4,100
73899,0,100
73900,22,100
73901,22,100
73904,5,100
73906,15,100
73908,4,100
73910,29,100
73911,3,100
73912,22,100
73913,29,100
73915,21,100
73917,0,100
73918,4,100
73923,10,100
73924,29,100
73931,22,100
73935,28,100
73939,10,100
73940,29,100
73941,10,100
73943,1,100
73944,14,100
73945,3,100
73946,7,100
73952,10,100
73954,29,100
73955,4,100
73956,29,100
73957,10,100
73958,14,100
73959,10,100
73961,7,100
73962,20,100
73964,21,100
73966,10,100
73971,18,100
73974,20,100
73975,29,100
73976,10,100
73978,20,100
73979,10,100
73981,14,100
73982,10,100
73987,29,100
73988,29,100
73989,29,100
73990,15,100
73992,14,100
73995,10,100
73998,29,100
73999,10,100
74001,10,100
74002,25,100
74004,4,100
74006,8,100
74008,22,100
74009,29,100
74012,7,100
74014,7,100
74015,4,100
74016,3,100
74017,1,100
74019,1,100
74021,29,100
74023,13,100
74025,10,100
74029,8,100
74032,1,100
74033,1,100
74035,15,100
74041,10,100
74042,26,100
74044,3,100
74045,18,100
74047,29,100
74048,29,100
74049,29,100
74050,31,100
74052,10,100
74053,4,100
74056,5,100
74057,25,100
74058,7,100
74060,4,100
74061,14,100
74063,25,100
74064,29,100
74066,18,100
74067,29,100
74068,13,100
74074,3,100
74076,29,100
74077,31,100
74078,29,100
74079,10,100
74080,4,100
74082,1,100
74087,30,100
74091,21,100
74093,29,100
74096,18,100
74098,4,100
74100,14,100
74103,6,100
74104,12,100
74105,10,100
74110,12,100
74111,20,100
74112,8,100
74113,10,100
74115,18,100
74117,8,100
74118,18,100
74119,18,100
74120,21,100
74121,26,100
74124,18,100
74126,29,100
74128,3,100
74132,8,100
74136,10,100
74138,7,100
74139,1,100
74141,3,100
74148,4,100
74149,6,100
74150,18,100
74151,12,100
74152,21,100
74153,21,100
74154,25,100
74156,7,100
74161,1,100
74166,14,100
74168,18,100
74169,7,100
74171,9,100
74173,8,100
74175,9,100
74177,21,100
74179,17,100
74183,13,100
74184,9,100
74185,29,100
74186,29,100
74188,1,100
74192,18,100
74194,1,100
74195,4,100
74197,10,100
74199,29,100
74200,21,100
74201,14,100
74202,14,100
74203,18,100
74204,25,100
74206,29,100
74207,25,100
74212,20,100
74213,6,100
74214,15,100
74220,1,100
74222,28,100
74223,15,100
74224,7,100
74226,29,100
74227,1,100
74228,4,100
74238,5,100
74239,18,100
74240,8,100
74242,25,100
74243,18,100
74246,22,100
74247,13,100
74249,20,100
74250,2,100
74252,26,100
74253,25,100
74254,25,100
74256,26,100
74257,28,100
74259,13,100
74260,13,100
74261,6,100
74262,14,100
74263,1,100
74267,1,100
74268,1,100
74269,20,100
74271,25,100
74272,7,100
74273,1,100
74274,25,100
74276,22,100
74277,18,100
74278,12,100
74281,6,100
74282,26,100
74284,15,100
74287,7,100
74291,4,100
74295,13,100
74299,29,100
74303,18,100
74304,18,100
74306,18,100
74307,2,100
74309,6,100
74313,1,100
74315,29,100
74316,1,100
74317,15,100
74320,31,100
74321,18,100
74322,5,100
74324,12,100
74325,7,100
74326,18,100
74330,12,100
74331,4,100
74336,28,100
74337,6,100
74338,1,100
74339,13,100
74340,26,100
74341,4,100
74343,24,100
74345,21,100
74346,30,100
74347,10,100
74350,25,100
74352,10,100
74357,17,100
74358,25,100
74359,6,100
74360,25,100
74361,12,100
74364,1,100
74365,11,100
74366,25,100
74368,24,100
74369,29,100
74371,29,100
74372,8,100
74373,24,100
74375,24,100
74376,4,100
74377,17,100
74380,19,100
74382,6,100
74386,25,100
74388,13,100
74390,10,100
74392,4,100
74393,25,100
74394,11,100
74395,22,100
74396,26,100
74398,7,100
74401,25,100
74402,15,100
74406,19,100
74410,6,100
74411,5,100
74413,10,100
74416,28,100
74419,21,100
74423,17,100
74424,26,100
74425,6,100
74427,25,100
74428,12,100
74429,10,100
74430,25,100
74431,3,100
74433,10,100
74435,19,100
74436,27,100
74438,16,100
74439,0,100
74440,15,100
74446,7,100
74447,7,100
74448,28,100
74449,26,100
74450,17,100
74452,11,100
74455,7,100
74457,19,100
74458,19,100
74459,27,100
74461,0,100
74463,0,100
74464,0,100
74465,26,100
74470,26,100
74472,21,100
74475,11,100
74477,8,100
74479,4,100
74480,5,100
74481,3,100
74482,0,100
74483,19,100
74484,31,100
74487,19,100
74488,24,100
74493,31,100
74496,24,100
74497,26,100
74501,13,100
74503,22,100
74505,11,100
74508,22,100
74509,3,100
74511,31,100
74512,21,100
74514,7,100
74515,27,100
74517,1,100
74521,22,100
74522,4,100
74523,4,100
74524,7,100
74529,20,100
74530,11,100
74535,0,100
74536,3,100
74537,20,100
74539,27,100
74540,16,100
74542,25,100
74544,5,100
74545,10,100
74546,14,100
74547,25,100
74550,28,100
74552,1,100
74555,19,100
74557,19,100
74558,13,100
74559,18,100
74560,25,100
74561,25,100
74562,22,100
74565,11,100
74566,15,100
74571,25,100
74572,27,100
74575,6,100
74577,21,100
74578,20,100
74579,22,100
74582,5,100
74584,5,100
74587,11,100
74588,11,100
74594,19,100
74596,27,100
74598,0,100
74600,17,100
74602,20,100
74604,10,100
74605,13,100
74606,11,100
74607,10,100
74608,10,100
74611,3,100
74612,3,100
74613,15,100
74616,25,100
74617,4,100
74620,20,100
74626,7,100
74629,13,100
74630,29,100
74631,14,100
74639,25,100
74641,21,100
74643,14,100
74646,7,100
74649,16,100
74653,6,100
74655,20,100
74657,29,100
74660,20,100
74662,10,100
74664,12,100
74665,12,100
74669,20,100
74672,20,100
74673,6,100
74674,11,100
74675,31,100
74679,6,100
74682,0,100
74685,16,100
74686,7,100
74688,10,100
74689,5,100
74690,26,100
74692,26,100
74695,25,100
74699,21,100
74701,10,100
74705,27,100
74706,16,100
74708,14,100
74709,10,100
74713,11,100
74715,0,100
74718,10,100
74719,19,100
74721,10,100
74722,13,100
74724,11,100
74726,0,100
74728,25,100
74729,27,100
74730,16,100
74731,26,100
74733,4,100
74735,22,100
74737,4,100
74739,26,100
74741,29,100
74743,10,100
74746,2,100
74748,29,100
74749,12,100
74751,14,100
74753,13,100
74758,19,100
74759,25,100
74760,27,100
74761,4,100
74765,18,100
74766,15,100
74768,10,100
74769,22,100
74772,20,100
74773,5,100
74775,8,100
74776,15,100
74778,22,100
74782,22,100
74784,20,100
74785,31,100
74786,10,100
74787,12,100
74789,11,100
74790,31,100
74792,15,100
74794,0,100
74799,19,100
74800,7,100
74803,25,100
74806,11,100
74808,14,100
74815,16,100
74817,12,100
74818,6,100
74820,13,100
74821,25,100
74830,6,100
74832,15,100
74833,4,100
74834,4,100
74839,3,100
74841,18,100
74844,10,100
74845,25,100
74846,12,100
74847,10,100
74850,25,100
74851,1,100
74853,6,100
74856,18,100
74857,29,100
74858,21,100
74860,3,100
74862,18,100
74864,18,100
74865,10,100
74867,15,100
74870,20,100
74872,13,100
74875,18,100
74879,9,100
74880,24,100
74882,9,100
74885,28,100
74887,10,100
74889,6,100
74890,8,100
74892,28,100
74896,30,100
74898,10,100
74899,30,100
74902,13,100
74906,0,100
74908,15,100
74909,18,100
74911,1,100
74912,31,100
74914,15,100
74923,18,100
74924,21,100
74926,25,100
74928,18,100
74930,8,100
74931,5,100
74932,8,100
74933,29,100
74936,11,100
74937,17,100
74939,17,100
74941,11,100
74948,14,100
74949,25,100
74951,25,100
74955,11,100
74957,19,100
74962,11,100
74966,19,100
74969,14,100
74970,29,100
74972,11,100
74973,19,100
74976,1,100
74978,1,100
74980,13,100
74985,10,100
74986,19,100
74992,11,100
74995,14,100
74997,11,100
75000,11,100
75002,0,100
75003,19,100
75006,19,100
75007,25,100
75015,19,100
75016,24,100
75021,1,100
75022,19,100
75026,9,100
75027,9,100
75029,9,100
75030,9,100
75032,9,100
75034,28,100
75035,25,100
75037,6,100
75040,0,100
75041,29,100
75042,22,100
75043,29,100
75045,0,100
75047,14,100
75049,5,100
75050,0,100
75052,1,100
75053,1,100
75055,27,100
75056,4,100
75058,6,100
75059,5,100
75061,13,100
75062,13,100
75063,13,100
75064,25,100
75065,8,100
75068,21,100
75070,25,100
75072,25,100
75075,29,100
75076,31,100
75077,1,100
75081,1,100
75084,2,100
75085,31,100
75086,31,100
75087,13,100
75090,31,100
75091,10,100
75095,19,100
75098,9,100
75100,9,100
75101,9,100
75102,9,100
75104,22,100
75106,2,100
75107,19,100
75109,4,100
75110,4,100
75111,4,100
75113,25,100
75114,31,100
75115,19,100
75119,25,100
75120,4,100
75123,9,100
75124,1,100
75126,29,100
75127,25,100
75128,5,100
75129,13,100
75130,5,100
75131,1,100
75132,31,100
75140,17,100
75142,17,100
75146,18,100
75149,17,100
75150,17,100
75151,17,100
75152,10,100
75154,28,100
75155,25,100
75157,25,100
75158,17,100
75165,1,100
75169,25,100
75173,20,100
75175,25,100
75176,25,100
75177,1,100
75178,20,100
75180,4,100
75183,20,100
75185,25,100
75187,17,100
75190,21,100
75191,2,100
75193,21,100
75196,22,100
75198,1,100
75203,10,100
75211,22,100
75212,19,100
75213,15,100
75215,17,100
75217,17,100
75219,21,100
75220,25,100
75221,19,100
75227,1,100
75228,25,100
75229,20,100
75230,5,100
75231,22,100
75233,21,100
75234,25,100
75238,22,100
75239,21,100
75240,21,100
75241,17,100
75243,24,100
75245,29,100
75247,29,100
75251,31,100
75252,1,100
75253,20,100
75254,0,100
75255,14,100
75258,14,100
75259,14,100
75260,1,100
75261,10,100
75262,29,100
75264,20,100
75266,14,100
75269,14,100
75270,21,100
75274,21,100
75278,10,100
75279,10,100
75280,10,100
75284,23,100
75285,20,100
75288,29,100
75289,8,100
75290,8,100
75291,29,100
75292,22,100
75293,29,100
75297,17,100
75298,21,100
75299,17,100
75300,25,100
75305,17,100
75306,12,100
75307,13,100
75309,29,100
75311,22,100
75313,25,100
75314,25,100
75315,25,100
75316,14,100
75317,18,100
75321,18,100
75322,19,100
75323,18,100
75325,18,100
75326,25,100
75327,25,100
75328,17,100
75329,20,100
75331,25,100
75334,12,100
75335,19,100
75336,3,100
75337,27,100
75338,20,100
75339,16,100
75340,17,100
75341,25,100
75342,14,100
75343,10,100
75344,28,100
75346,29,100
75347,17,100
75349,21,100
75352,5,100
75358,22,100
75362,19,100
75363,29,100
75366,14,100
75368,14,100
75369,6,100
75370,14,100
75371,20,100
75372,29,100
75373,12,100
75374,14,100
75376,18,100
75377,25,100
75378,14,100
75381,29,100
75384,3,100
75389,25,100
75390,14,100
75391,25,100
75392,5,100
75398,25,100
75401,8,100
75402,1,100
75404,14,100
75405,15,100
75406,29,100
75410,4,100
75411,5,100
75412,8,100
75416,29,100
75417,4,100
75421,10,100
75423,3,100
75424,1,100
75425,12,100
75428,0,100
75429,19,100
75431,3,100
75433,1,100
75434,20,100
75436,21,100
75437,4,100
75438,17,100
75439,17,100
75440,29,100
75441,13,100
75443,10,100
75444,14,100
75445,6,100
75447,1,100
75454,4,100
75456,12,100
75459,17,100
75460,17,100
75462,31,100
75463,17,100
75464,3,100
75466,4,100
75467,25,100
75470,21,100
75471,1,100
75472,21,100
75474,8,100
75477,21,100
75484,4,100
75490,28,100
75491,3,100
75493,12,100
75495,10,100
75496,24,100
75497,6,100
75498,4,100
75500,4,100
75505,6,100
75507,13,100
75509,31,100
75510,5,100
75511,31,100
75512,25,100
75514,28,100
75517,17,100
75518,17,100
75521,17,100
75522,28,100
75523,17,100
75524,10,100
75528,6,100
75529,17,100
75533,13,100
75538,20,100
75539,27,100
75540,16,100
75541,24,100
75543,1,100
75544,19,100
75545,11,100
75546,31,100
75547,24,100
75550,12,100
75553,24,100
75554,2,100
75555,1,100
75556,26,100
75557,19,100
75558,4,100
75559,26,100
75560,11,100
75562,26,100
75563,12,100
75565,25,100
75566,26,100
75568,22,100
75571,28,100
75573,6,100
75580,6,100
75581,17,100
75585,12,100
75586,21,100
75588,0,100
75590,27,100
75592,24,100
75593,20,100
75594,26,100
75595,29,100
75596,17,100
75598,26,100
75599,10,100
75601,17,100
75607,8,100
75611,7,100
75612,21,100
75613,2,100
75615,1,100
75616,14,100
75617,24,100
75619,4,100
75623,29,100
75625,20,100
75626,15,100
75631,0,100
75632,1,100
75634,17,100
75636,18,100
75637,18,100
75638,5,100
75639,21,100
75640,10,100
75641,21,100
75642,6,100
75643,13,100
75644,11,100
75646,28,100
75647,19,100
75648,19,100
75649,21,100
75650,15,100
75653,2,100
75654,29,100
75657,14,100
75658,10,100
75659,2,100
75661,31,100
75662,25,100
75663,21,100
75666,20,100
75668,8,100
75678,10,100
75680,20,100
75682,29,100
75686,12,100
75687,4,100
75689,2,100
75690,8,100
75691,3,100
75694,3,100
75696,10,100
75699,11,100
75702,13,100
75704,1,100
75707,14,100
75708,25,100
75709,24,100
75711,23,100
75712,7,100
75714,1,100
75721,17,100
75722,10,100
75725,0,100
75727,23,100
75732,25,100
75733,13,100
75736,22,100
75737,24,100
75738,14,100
75741,24,100
75742,28,100
75746,4,100
75747,15,100
75748,6,100
75754,21,100
75755,2,100
75757,0,100
75759,6,100
75760,2,100
75762,11,100
75765,5,100
75767,14,100
75770,0,100
75772,20,100
75775,26,100
75776,1,100
75777,22,100
75778,1,100
75782,2,100
75785,25,100
75786,12,100
75789,4,100
75793,20,100
75794,28,100
75795,29,100
75797,25,100
75798,10,100
75799,19,100
75802,31,100
75804,28,100
75806,14,100
75808,23,100
75809,23,100
75810,28,100
75811,17,100
75812,1,100
75814,23,100
75815,23,100
75817,10,100
75818,8,100
75819,21,100
75825,19,100
75827,0,100
75830,28,100
75832,21,100
75835,1,100
75836,2,100
75840,17,100
75841,11,100
75844,13,100
75847,31,100
75848,21,100
75849,12,100
75853,10,100
75854,28,100
75858,0,100
75859,0,100
75860,27,100
75864,21,100
75865,14,100
75866,31,100
75869,4,100
75873,12,100
75882,11,100
75883,25,100
75887,10,100
75888,8,100
75889,28,100
75890,8,100
75891,1,100
75894,12,100
75896,5,100
75898,19,100
75903,26,100
75904,29,100
75905,6,100
75908,23,100
75909,30,100
75912,2,100
75914,28,100
75915,24,100
75919,24,100
75921,14,100
75925,12,100
75928,5,100
75929,10,100
75933,20,100
75935,11,100
75936,14,100
75942,28,100
75943,7,100
75946,6,100
75947,10,100
75950,18,100
75951,7,100
75954,25,100
75957,19,100
75958,18,100
75960,1,100
75961,6,100
75963,13,100
75966,6,100
75967,31,100
75968,31,100
75970,19,100
75977,9,100
75981,26,100
75983,18,100
75984,6,100
75985,0,100
75987,9,100
75989,18,100
75990,5,100
75991,5,100
75994,13,100
75995,9,100
75998,26,100
75999,18,100
76001,14,100
76003,1,100
76006,25,100
76010,25,100
76011,31,100
76012,25,100
76013,14,100
76014,1,100
76016,15,100
76017,5,100
76020,21,100
76026,12,100
76027,30,100
76028,30,100
76029,4,100
76030,13,100
76033,4,100
76035,7,100
76039,20,100
76040,25,100
76042,25,100
76044,25,100
76045,14,100
76046,25,100
76047,25,100
76048,4,100
76051,25,100
76056,22,100
76059,4,100
76062,0,100
76063,7,100
76065,0,100
76066,16,100
76070,4,100
76071,30,100
76072,12,100
76074,5,100
76075,25,100
76079,29,100
76080,1,100
76081,1,100
76085,10,100
76091,4,100
76092,4,100
76093,25,100
76096,5,100
76098,25,100
76101,10,100
76104,2,100
76105,2,100
76108,0,100
76109,1,100
76111,7,100
76114,0,100
76115,18,100
76116,15,100
76117,15,100
76119,25,100
76122,19,100
76124,25,100
76127,31,100
76130,1,100
76132,1,100
76135,20,100
76136,15,100
76138,4,100
76139,7,100
76140,17,100
76141,17,100
76142,21,100
76144,19,100
76145,0,100
76146,0,100
76148,13,100
76149,16,100
76152,25,100
76156,2,100
76161,1,100
76165,29,100
76167,22,100
76168,4,100
76169,29,100
76170,13,100
76174,22,100
76175,19,100
76176,20,100
76177,12,100
76178,0,100
76179,1,100
76182,7,100
76183,27,100
76185,25,100
76186,20,100
76187,4,100
76188,3,100
76189,29,100
76191,19,100
76194,22,100
76195,4,100
76198,23,100
76199,14,100
76200,21,100
76201,10,100
76204,10,100
76205,0,100
76206,22,100
76207,19,100
76209,3,100
76210,11,100
76211,16,100
76212,12,100
76214,23,100
76219,10,100
76220,25,100
76223,22,100
76224,15,100
76225,0,100
76231,25,100
76235,25,100
76236,22,100
76238,19,100
76239,4,100
76241,25,100
76244,1,100
76245,10,100
76248,12,100
76249,25,100
76250,19,100
76251,0,100
76254,23,100
76257,1,100
76261,1,100
76262,29,100
76263,29,100
76265,25,100
76267,29,100
76268,22,100
76269,29,100
76270,1,100
76271,29,100
76273,10,100
76275,4,100
76278,4,100
76279,1,100
76282,29,100
76283,29,100
76285,29,100
76294,16,100
76296,8,100
76297,14,100
76299,30,100
76300,2,100
76301,19,100
76305,10,100
76306,2,100
76307,1,100
76308,20,100
76314,0,100
76315,7,100
76319,14,100
76321,27,100
76322,16,100
76327,29,100
76332,25,100
76334,16,100
76335,10,100
76336,25,100
76337,25,100
76338,25,100
76339,1,100
76341,1,100
76342,13,100
76343,22,100
76345,26,100
76346,7,100
76351,29,100
76353,5,100
76354,29,100
76360,29,100
76364,1,100
76365,29,100
76369,3,100
76370,22,100
76371,22,100
76374,7,100
76375,29,100
76376,29,100
76378,7,100
76383,13,100
76385,15,100
76388,15,100
76389,3,100
76392,5,100
76393,13,100
76397,29,100
76398,22,100
76399,1,100
76400,29,100
76401,22,100
76405,22,100
76406,0,100
76409,15,100
76410,18,100
76413,0,100
76414,0,100
76415,22,100
76416,0,100
76417,27,100
76418,16,100
76419,22,100
76420,10,100
76426,1,100
76431,0,100
76432,0,100
76434,29,100
76437,1,100
76440,29,100
76442,22,100
76443,0,100
76444,12,100
76445,22,100
76447,29,100
76450,29,100
76451,15,100
76453,22,100
76455,20,100
76458,18,100
76462,1,100
76466,22,100
76469,18,100
76470,1,100
76471,12,100
76472,4,100
76473,29,100
76477,6,100
76479,9,100
76480,0,100
76481,19,100
76484,27,100
76485,16,100
76487,19,100
76488,19,100
76490,9,100
76491,29,100
76492,13,100
76495,14,100
76496,15,100
76499,1,100
76500,16,100
76501,0,100
76503,20,100
76504,0,100
76506,0,100
76507,10,100
76511,22,100
76512,15,100
76513,3,100
76516,22,100
76520,29,100
76523,4,100
76525,31,100
76527,17,100
76528,8,100
76529,31,100
76532,17,100
76535,4,100
76536,6,100
76538,17,100
76540,17,100
76541,24,100
76543,17,100
76548,25,100
76549,13,100
76550,17,100
76553,17,100
76554,17,100
76556,17,100
76558,26,100
76561,31,100
76562,6,100
76563,21,100
76564,23,100
76567,29,100
76571,31,100
76572,23,100
76576,25,100
76578,12,100
76580,31,100
76581,3,100
76583,14,100
76584,3,100
76588,7,100
76594,7,100
76596,22,100
76597,28,100
76599,3,100
76601,10,100
76604,3,100
76605,29,100
76609,25,100
76613,21,100
76615,25,100
76616,25,100
76617,31,100
76618,29,100
76622,1,100
76624,25,100
76632,3,100
76633,19,100
76634,26,100
76635,31,100
76636,17,100
76638,31,100
76641,3,100
76643,14,100
76645,10,100
76647,17,100
76648,17,100
76649,4,100
76650,17,100
76656,23,100
76657,7,100
76658,14,100
76661,14,100
76662,14,100
76663,22,100
76664,26,100
76668,1,100
76671,4,100
76677,29,100
76678,10,100
76679,22,100
76682,4,100
76686,6,100
76692,3,100
76696,16,100
76698,25,100
76699,25,100
76701,17,100
76702,6,100
76703,4,100
76704,17,100
76705,17,100
76711,14,100
76712,15,100
76713,12,100
76714,3,100
76715,29,100
76716,29,100
76718,10,100
76720,26,100
76722,5,100
76723,31,100
76724,1,100
76727,5,100
76728,21,100
76731,2,100
76732,28,100
76734,13,100
76735,10,100
76738,22,100
76742,25,100
76744,14,100
76745,10,100
76747,1,100
76748,31,100
76750,31,100
76752,1,100
76755,1,100
76758,31,100
76760,1,100
76761,1,100
76763,27,100
76766,1,100
76767,1,100
76769,28,100
76770,1,100
76771,5,100
76773,20,100
76774,14,100
76775,14,100
76776,4,100
76778,22,100
76779,12,100
76780,30,100
76781,21,100
76782,6,100
76783,0,100
76784,31,100
76787,22,100
76790,20,100
76791,29,100
76792,0,100
76795,4,100
76799,17,100
76801,4,100
76802,17,100
76804,19,100
76808,17,100
76810,0,100
76811,19,100
76812,27,100
76813,27,100
76814,19,100
76817,31,100
76818,0,100
76822,1,100
76823,8,100
76826,22,100
76827,23,100
76829,19,100
76831,19,100
76835,10,100
76839,28,100
76841,8,100
76843,5,100
76844,22,100
76847,25,100
76849,12,100
76851,19,100
76852,27,100
76854,19,100
76855,17,100
76856,8,100
76861,0,100
76862,22,100
76867,1,100
76873,17,100
76874,12,100
76875,10,100
76876,8,100
76877,1,100
76878,19,100
76879,12,100
76880,5,100
76881,5,100
76884,19,100
76886,19,100
76889,4,100
76891,28,100
76892,10,100
76893,25,100
76894,0,100
76895,1,100
76897,2,100
76899,16,100
76901,19,100
76903,24,100
76904,24,100
76912,24,100
76914,19,100
76916,17,100
76924,27,100
76926,17,100
76929,10,100
76930,19,100
76931,2,100
76932,30,100
76934,0,100
76936,1,100
76940,13,100
76941,0,100
76947,13,100
76950,25,100
76951,25,100
76953,31,100
76954,2,100
76956,25,100
76962,0,100
76963,22,100
76964,19,100
76965,16,100
76967,1,100
76969,31,100
76980,5,100
76983,24,100
76984,22,100
76985,24,100
76991,5,100
76993,21,100
76994,26,100
76995,0,100
76998,16,100
76999,24,100
77003,20,100
77005,24,100
77006,8,100
77008,26,100
77010,26,100
77012,19,100
77013,16,100
77018,5,100
77021,13,100
77025,14,100
77026,20,100
77029,7,100
77031,13,100
77035,13,100
77037,21,100
77038,8,100
77039,0,100
77040,7,100
77041,27,100
77042,15,100
77043,31,100
77045,15,100
77047,16,100
77048,6,100
77049,14,100
77051,3,100
77054,15,100
77055,4,100
77056,21,100
77057,0,100
77059,17,100
77062,16,100
77063,0,100
77068,2,100
77069,19,100
77071,0,100
77073,16,100
77074,25,100
77076,6,100
77077,0,100
77080,7,100
77082,0,100
77083,16,100
77086,13,100
77087,0,100
77091,14,100
77093,2,100
77096,5,100
77098,7,100
77101,16,100
77103,9,100
77105,9,100
77106,9,100
77107,9,100
77110,9,100
77111,9,100
77113,10,100
77126,25,100
77128,28,100
77130,25,100
77131,20,100
77134,4,100
77135,4,100
77137,18,100
77141,2,100
77142,25,100
77143,4,100
77144,13,100
77147,4,100
77152,5,100
77153,19,100
77155,10,100
77156,5,100
77157,22,100
77159,6,100
77161,4,100
77163,17,100
77167,10,100
77168,4,100
77170,6,100
77171,17,100
77176,20,100
77177,20,100
77178,26,100
77180,21,100
77183,6,100
77187,6,100
77194,1,100
77196,28,100
77203,5,100
77204,15,100
77205,21,100
77206,11,100
77207,21,100
77208,5,100
77210,14,100
77211,1,100
77212,6,100
77216,4,100
77217,4,100
77218,5,100
77220,5,100
77221,8,100
77230,25,100
77232,6,100
77238,25,100
77245,5,100
77246,17,100
77249,26,100
77250,21,100
77251,21,100
77252,6,100
77253,0,100
77254,12,100
77262,4,100
77263,11,100
77265,21,100
77266,3,100
77267,10,100
77268,7,100
77272,20,100
77274,6,100
77277,4,100
77278,14,100
77282,25,100
77284,14,100
77289,7,100
77290,19,100
77292,21,100
77293,25,100
77295,24,100
77296,7,100
77297,26,100
77298,21,100
77300,7,100
77302,12,100
77304,25,100
77305,25,100
77307,31,100
77308,12,100
77309,25,100
77314,19,100
77315,22,100
77316,22,100
77317,4,100
77320,10,100
77324,26,100
77325,31,100
77328,6,100
77329,21,100
77330,6,100
77341,21,100
77342,25,100
77343,6,100
77344,1,100
77345,20,100
77349,19,100
77350,25,100
77351,19,100
77353,19,100
77359,20,100
77361,26,100
77363,7,100
77364,1,100
77365,7,100
77368,14,100
77369,28,100
77370,21,100
77372,24,100
77374,14,100
77375,10,100
77376,1,100
77377,10,100
77379,13,100
77380,6,100
77381,22,100
77382,21,100
77383,25,100
77385,19,100
77387,25,100
77388,21,100
77390,24,100
77392,7,100
77394,22,100
77396,25,100
77397,25,100
77398,25,100
77399,8,100
77402,25,100
77404,12,100
77408,28,100
77409,6,100
77410,25,100
77411,21,100
77412,4,100
77414,17,100
77415,29,100
77417,14,100
77419,6,100
77422,4,100
77423,13,100
77427,25,100
77429,26,100
77431,4,100
77433,6,100
77435,5,100
77436,20,100
77438,25,100
77439,22,100
77441,10,100
77444,6,100
77446,0,100
77447,3,100
77448,14,100
77453,6,100
77457,26,100
77458,25,100
77460,2,100
77467,21,100
77468,10,100
77472,22,100
77473,6,100
77474,14,100
77477,6,100
77479,1,100
77481,5,100
77483,15,100
77484,4,100
77488,22,100
77489,20,100
77490,20,100
77491,7,100
77496,25,100
77503,6,100
77504,5,100
77508,27,100
77509,31,100
77510,16,100
77515,21,100
77516,5,100
77520,13,100
77522,28,100
77523,12,100
77528,5,100
77529,5,100
77530,8,100
77531,12,100
77532,6,100
77533,13,100
77537,17,100
77540,20,100
77541,31,100
77543,22,100
77547,3,100
77548,14,100
77550,8,100
77552,19,100
77553,11,100
77554,16,100
77557,20,100
77558,21,100
77560,20,100
77561,25,100
77562,14,100
77563,4,100
77566,10,100
77569,5,100
77570,21,100
77571,7,100
77572,24,100
77573,25,100
77577,20,100
77579,5,100
77580,2,100
77584,14,100
77586,1,100
77587,25,100
77588,6,100
77591,6,100
77594,17,100
77595,14,100
77599,4,100
77602,6,100
77604,20,100
77607,25,100
77609,25,100
77611,6,100
77613,10,100
77615,25,100
77618,13,100
77619,8,100
77620,2,100
77621,21,100
77626,6,100
77628,5,100
77629,6,100
77630,21,100
77631,26,100
77635,14,100
77636,13,100
77637,28,100
77638,6,100
77639,7,100
77640,3,100
77641,15,100
77644,25,100
77645,7,100
77647,21,100
77648,10,100
77651,17,100
77652,31,100
77655,1,100
77657,5,100
77660,7,100
77664,5,100
77669,30,100
77671,4,100
77672,4,100
77674,28,100
77676,14,100
77677,7,100
77678,5,100
77679,5,100
77680,25,100
77683,0,100
77684,27,100
77685,16,100
77686,19,100
77687,28,100
77689,11,100
77690,13,100
77692,6,100
77693,17,100
77695,7,100
77698,24,100
77700,5,100
77704,6,100
77705,22,100
77708,8,100
77710,6,100
77715,30,100
77719,6,100
77720,8,100
77723,16,100
77725,18,100
77727,8,100
77729,8,100
77730,22,100
77732,22,100
77737,8,100
77738,22,100
77740,25,100
77741,27,100
77742,16,100
77743,25,100
77744,20,100
77745,7,100
77747,25,100
77752,14,100
77753,5,100
77756,8,100
77759,24,100
77762,25,100
77764,31,100
77765,24,100
77766,14,100
77767,6,100
77772,8,100
77773,20,100
77775,28,100
77782,14,100
77783,5,100
77788,6,100
77790,25,100
77792,6,100
77793,3,100
77797,25,100
77800,21,100
77802,24,100
77804,8,100
77805,19,100
77807,13,100
77809,20,100
77812,27,100
77815,11,100
77816,19,100
77820,6,100
77821,14,100
77822,21,100
77823,31,100
77824,31,100
77826,26,100
77827,31,100
77828,21,100
77833,10,100
77835,25,100
77836,4,100
77839,20,100
77841,25,100
77844,6,100
77845,4,100
77854,24,100
77856,7,100
77859,0,100
77861,22,100
77863,26,100
77868,5,100
77877,4,100
77880,6,100
77881,24,100
77883,20,100
77885,5,100
77886,6,100
77889,8,100
77892,2,100
77893,10,100
77897,11,100
77898,19,100
77900,5,100
77901,13,100
77902,4,100
77904,6,100
77907,21,100
77910,24,100
77912,6,100
77913,8,100
77914,22,100
77920,22,100
77921,10,100
77923,22,100
77925,0,100
77930,4,100
77935,22,100
77939,9,100
77940,6,100
77941,25,100
77942,24,100
77943,5,100
77945,8,100
77946,2,100
77948,25,100
77950,5,100
77951,25,100
77953,20,100
77954,6,100
77955,12,100
77956,10,100
77957,20,100
77958,20,100
77959,10,100
77961,21,100
77962,18,100
77964,7,100
77965,15,100
77969,22,100
77973,14,100
77974,25,100
77977,4,100
77978,26,100
77979,13,100
77980,1,100
77981,1,100
77983,13,100
77987,19,100
77992,0,100
77997,27,100
77998,16,100
77999,6,100
78001,28,100
78003,25,100
78005,5,100
78008,9,100
78014,1,100
78019,7,100
78023,19,100
78024,17,100
78027,19,100
78028,15,100
78030,25,100
78032,14,100
78036,29,100
78039,19,100
78041,2,100
78042,22,100
78043,19,100
78045,8,100
78046,19,100
78048,19,100
78049,19,100
78050,2,100
78051,19,100
78055,0,100
78056,1,100
78058,29,100
78060,7,100
78063,1,100
78066,7,100
78068,19,100
78071,13,100
78072,2,100
78076,8,100
78081,29,100
78083,22,100
78084,29,100
78085,29,100
78088,30,100
78089,30,100
78090,2,100
78091,5,100
78092,19,100
78093,22,100
78094,19,100
78096,13,100
78099,0,100
78100,27,100
78102,0,100
78104,25,100
78105,13,100
78107,7,100
78109,11,100
78110,17,100
78111,15,100
78114,19,100
78115,17,100
78117,19,100
78119,24,100
78121,17,100
78122,17,100
78123,4,100
78124,13,100
78128,13,100
78129,25,100
78130,13,100
78133,17,100
78134,17,100
78135,17,100
78136,17,100
78140,13,100
78141,3,100
78143,25,100
78144,17,100
78145,19,100
78146,0,100
78149,4,100
78150,1,100
78151,13,100
78152,14,100
78153,29,100
78154,22,100
78161,4,100
78163,7,100
78165,3,100
78166,13,100
78171,24,100
78172,25,100
78173,13,100
78174,25,100
78176,17,100
78180,7,100
78185,14,100
78186,22,100
78188,0,100
78190,27,100
78191,19,100
78192,25,100
78193,10,100
78195,1,100
78197,29,100
78198,23,100
78202,13,100
78203,29,100
78205,22,100
78207,20,100
78208,20,100
78211,3,100
78212,3,100
78214,11,100
78215,17,100
78216,0,100
78219,3,100
78220,27,100
78223,17,100
78224,10,100
78225,4,100
78226,10,100
78227,13,100
78228,14,100
78230,10,100
78231,31,100
78237,11,100
78240,22,100
78241,17,100
78242,21,100
78244,14,100
78245,0,100
78246,3,100
78248,27,100
78252,3,100
78253,25,100
78255,14,100
78256,20,100
78259,8,100
78262,1,100
78263,25,100
78265,6,100
78269,29,100
78271,21,100
78272,22,100
78273,29,100
78275,13,100
78276,3,100
78284,29,100
78286,21,100
78288,3,100
78290,21,100
78293,14,100
78294,3,100
78295,21,100
78297,15,100
78298,21,100
78302,23,100
78304,4,100
78306,3,100
78307,0,100
78308,27,100
78309,16,100
78312,25,100
78314,20,100
78316,20,100
78317,22,100
78318,13,100
78319,10,100
78320,29,100
78321,25,100
78323,8,100
78326,1,100
78327,15,100
78328,25,100
78330,8,100
78332,7,100
78333,10,100
78335,3,100
78338,18,100
78340,3,100
78342,22,100
78350,15,100
78351,15,100
78355,3,100
78357,6,100
78358,0,100
78359,19,100
78360,3,100
78361,27,100
78362,16,100
78364,3,100
78368,20,100
78373,1,100
78374,19,100
78375,10,100
78379,25,100
78381,19,100
78383,6,100
78385,3,100
78386,1,100
78390,10,100
78391,13,100
78392,22,100
78393,3,100
78394,22,100
78396,14,100
78398,31,100
78400,11,100
78401,3,100
78402,0,100
78404,8,100
78410,22,100
78415,4,100
78416,3,100
78418,22,100
78419,13,100
78420,29,100
78423,29,100
78426,13,100
78429,3,100
78430,11,100
78432,3,100
78435,10,100
78438,1,100
78440,3,100
78444,29,100
78445,10,100
78447,10,100
78449,3,100
78450,29,100
78452,29,100
78453,25,100
78457,17,100
78464,27,100
78465,16,100
78466,15,100
78468,3,100
78470,29,100
78472,21,100
78473,24,100
78474,3,100
78479,13,100
78480,22,100
78482,29,100
78483,10,100
78486,21,100
78489,29,100
78490,22,100
78492,22,100
78494,3,100
78496,29,100
78499,25,100
78504,19,100
78507,6,100
78508,5,100
78509,22,100
78510,25,100
78512,10,100
78514,17,100
78517,7,100
78520,13,100
78522,17,100
78523,17,100
78524,25,100
78525,17,100
78526,18,100
78529,25,100
78530,8,100
78531,17,100
78535,16,100
78536,11,100
78539,25,100
78540,21,100
78541,6,100
78546,27,100
78547,16,100
78548,6,100
78550,28,100
78551,25,100
78552,25,100
78554,28,100
78555,25,100
78556,11,100
78557,0,100
78558,16,100
78559,22,100
78562,2,100
78564,20,100
78566,25,100
78567,10,100
78568,11,100
78569,0,100
78570,13,100
78574,28,100
78575,25,100
78577,21,100
78580,0,100
78582,0,100
78584,11,100
78599,25,100
78600,25,100
78601,25,100
78602,25,100
78605,25,100
78606,25,100
78607,25,100
78611,8,100
78613,29,100
78614,8,100
78615,22,100
78618,6,100
78620,0,100
78621,0,100
78622,3,100
78624,0,100
78626,0,100
78628,10,100
78630,31,100
78631,29,100
78632,5,100
78633,18,100
78635,29,100
78637,7,100
78638,22,100
78639,29,100
78641,13,100
78642,10,100
78646,29,100
78650,25,100
78658,15,100
78659,10,100
78660,10,100
78661,11,100
78664,3,100
78665,25,100
78667,16,100
78668,1,100
78674,14,100
78676,14,100
78677,8,100
78680,10,100
78681,29,100
78688,25,100
78689,13,100
78691,22,100
78693,8,100
78695,13,100
78696,8,100
78698,3,100
78701,18,100
78702,22,100
78703,29,100
78704,29,100
78705,4,100
78706,18,100
78708,22,100
78710,18,100
78717,0,100
78718,5,100
78721,13,100
78722,25,100
78724,31,100
78727,12,100
78730,18,100
78732,29,100
78735,29,100
78736,14,100
78737,25,100
78739,10,100
78741,25,100
78742,15,100
78744,17,100
78745,28,100
78746,4,100
78749,8,100
78751,15,100
78755,12,100
78758,18,100
78759,12,100
78761,18,100
78764,22,100
78770,18,100
78773,20,100
78774,21,100
78776,18,100
78778,13,100
78779,13,100
78780,9,100
78782,1,100
78783,9,100
78788,1,100
78791,19,100
78792,4,100
78793,31,100
78795,14,100
78801,9,100
78803,9,100
78805,21,100
78806,21,100
78807,6,100
78808,4,100
78809,9,100
78813,9,100
78817,20,100
78819,11,100
78820,4,100
78821,26,100
78822,17,100
78823,13,100
78825,25,100
78826,1,100
78829,5,100
78833,20,100
78834,11,100
78835,0,100
78837,23,100
78838,7,100
78839,0,100
78841,31,100
78842,22,100
78843,14,100
78844,28,100
78848,22,100
78851,7,100
78852,6,100
78855,21,100
78856,6,100
78861,17,100
78862,17,100
78865,18,100
78866,29,100
78870,11,100
78871,22,100
78873,17,100
78875,23,100
78876,17,100
78877,22,100
78879,22,100
78880,24,100
78882,22,100
78884,13,100
78887,11,100
78888,13,100
78890,20,100
78892,24,100
78895,4,100
78898,8,100
78900,31,100
78901,22,100
78902,22,100
78908,11,100
78910,3,100
78911,13,100
78912,24,100
78913,13,100
78914,18,100
78918,23,100
78920,21,100
78921,13,100
78922,13,100
78923,17,100
78924,5,100
78925,1,100
78927,11,100
78932,22,100
78937,21,100
78938,12,100
78940,2,100
78951,14,100
78954,20,100
78955,6,100
78956,0,100
78957,13,100
78959,1,100
78961,24,100
78963,22,100
78964,23,100
78965,21,100
78966,20,100
78968,21,100
78969,10,100
78974,1,100
78977,25,100
78980,5,100
78983,1,100
78984,11,100
78985,25,100
78987,16,100
78988,22,100
78989,24,100
78991,8,100
78994,26,100
78995,23,100
78996,6,100
78997,2,100
78998,5,100
78999,7,100
79000,22,100
79001,23,100
79005,3,100
79007,16,100
79009,6,100
79010,20,100
79013,7,100
79017,4,100
79019,6,100
79020,18,100
79021,6,100
79022,25,100
79024,7,100
79028,16,100
79029,21,100
79032,28,100
79033,14,100
79035,26,100
79037,5,100
79038,0,100
79039,11,100
79040,24,100
79041,16,100
79043,24,100
79047,1,100
79048,14,100
79050,17,100
79051,21,100
79053,5,100
79055,11,100
79058,31,100
79066,4,100
79067,22,100
79068,24,100
79069,1,100
79070,8,100
79072,4,100
79073,24,100
79074,14,100
79075,14,100
79076,13,100
79077,19,100
79078,13,100
79080,4,100
79081,25,100
79084,13,100
79085,25,100
79086,6,100
79087,0,100
79088,27,100
79090,11,100
79095,25,100
79097,7,100
79100,14,100
79103,16,100
79106,6,100
79109,13,100
79110,14,100
79112,18,100
79114,21,100
79121,4,100
79122,11,100
79124,16,100
79125,13,100
79127,30,100
79128,20,100
79130,10,100
79131,25,100
79132,4,100
79135,22,100
79137,18,100
79138,0,100
79142,28,100
79143,25,100
79144,25,100
79146,25,100
79149,0,100
79152,16,100
79156,25,100
79157,25,100
79162,10,100
79163,11,100
79165,25,100
79167,15,100
79168,6,100
79170,15,100
79171,1,100
79173,6,100
79176,26,100
79178,21,100
79181,14,100
79184,10,100
79186,19,100
79188,19,100
79189,14,100
79191,19,100
79192,22,100
79193,25,100
79194,19,100
79195,13,100
79196,13,100
79197,13,100
79200,19,100
79201,13,100
79202,24,100
79203,24,100
79204,19,100
79209,13,100
79210,21,100
79212,5,100
79215,8,100
79216,14,100
79218,5,100
79219,13,100
79220,31,100
79221,31,100
79224,6,100
79226,17,100
79227,19,100
79228,17,100
79231,24,100
79236,2,100
79237,29,100
79241,17,100
79243,21,100
79245,21,100
79246,23,100
79248,21,100
79249,12,100
79250,12,100
79253,31,100
79256,15,100
79259,2,100
79262,4,100
79264,13,100
79266,6,100
79268,0,100
79270,27,100
79271,10,100
79272,17,100
79274,10,100
79275,25,100
79276,6,100
79277,2,100
79278,21,100
79279,25,100
79280,6,100
79284,8,100
79289,11,100
79291,13,100
79294,22,100
79295,19,100
79296,21,100
79302,0,100
79306,19,100
79307,24,100
79308,24,100
79310,24,100
79312,5,100
79313,5,100
79316,2,100
79317,20,100
79321,1,100
79325,8,100
79326,19,100
79327,21,100
79329,20,100
79330,6,100
79333,20,100
79334,19,100
79336,13,100
79337,4,100
79340,0,100
79342,21,100
79344,11,100
79346,4,100
79347,26,100
79348,0,100
79349,19,100
79351,6,100
79352,1,100
79353,1,100
79354,4,100
79355,6,100
79357,11,100
79358,21,100
79359,6,100
79362,25,100
79363,14,100
79365,10,100
79367,13,100
79368,17,100
79370,17,100
79371,17,100
79372,22,100
79373,6,100
79374,24,100
79375,24,100
79377,19,100
79378,2,100
79379,2,100
79381,6,100
79384,11,100
79387,1,100
79388,20,100
79389,20,100
79391,19,100
79392,6,100
79393,0,100
79394,27,100
79399,6,100
79402,6,100
79405,11,100
79410,21,100
79411,21,100
79416,21,100
79420,25,100
79421,25,100
79423,25,100
79425,0,100
79427,8,100
79428,25,100
79429,11,100
79432,28,100
79433,1,100
79437,27,100
79438,6,100
79442,19,100
79448,8,100
79449,6,100
79451,21,100
79452,12,100
79454,25,100
79456,2,100
79457,6,100
79461,11,100
79462,7,100
79463,2,100
79466,26,100
79467,25,100
79469,25,100
79470,13,100
79471,25,100
79474,5,100
79475,6,100
79476,1,100
79479,24,100
79480,14,100
79482,19,100
79485,12,100
79486,1,100
79487,0,100
79489,2,100
79492,12,100
79494,0,100
79495,9,100
79496,27,100
79500,1,100
79501,1,100
79502,9,100
79503,11,100
79504,15,100
79506,22,100
79508,21,100
79511,20,100
79512,28,100
79513,26,100
79514,0,100
79516,18,100
79519,13,100
79520,9,100
79523,24,100
79527,9,100
79528,9,100
79529,9,100
79533,18,100
79536,17,100
79542,17,100
79543,17,100
79545,17,100
79546,17,100
79547,17,100
79555,17,100
79559,17,100
79560,17,100
79562,14,100
79565,17,100
79567,17,100
79572,2,100
79576,1,100
79580,24,100
79581,28,100
79583,17,100
79584,6,100
79585,6,100
79589,17,100
79590,17,100
79591,17,100
79593,5,100
79594,4,100
79595,28,100
79596,25,100
79597,2,100
79601,14,100
79602,14,100
79603,24,100
79604,19,100
79607,10,100
79608,20,100
79609,14,100
79610,19,100
79611,2,100
79612,24,100
79613,17,100
79619,6,100
79620,25,100
79621,17,100
79625,24,100
79626,17,100
79627,31,100
79628,6,100
79630,6,100
79640,19,100
79642,20,100
79643,4,100
79644,25,100
79645,15,100
79647,20,100
79648,24,100
79649,10,100
79652,17,100
79653,6,100
79657,6,100
79658,6,100
79659,24,100
79660,6,100
79661,10,100
79662,24,100
79663,14,100
79666,6,100
79667,5,100
79668,4,100
79670,19,100
79673,5,100
79677,26,100
79679,7,100
79681,15,100
79682,28,100
79683,6,100
79685,2,100
79686,6,100
79690,6,100
79691,17,100
79692,17,100
79694,22,100
79696,6,100
79701,17,100
79704,2,100
79705,17,100
79706,17,100
79707,6,100
79708,24,100
79709,6,100
79713,6,100
79715,29,100
79717,20,100
79722,17,100
79723,14,100
79724,17,100
79725,17,100
79726,29,100
79727,17,100
79728,17,100
79729,17,100
79730,5,100
79736,17,100
79738,17,100
79740,5,100
79742,2,100
79744,17,100
79745,14,100
79746,17,100
79749,10,100
79750,17,100
79752,14,100
79754,6,100
79755,19,100
79756,21,100
79759,6,100
79760,28,100
79761,24,100
79764,24,100
79765,24,100
79772,21,100
79774,15,100
79775,10,100
79776,1,100
79779,24,100
79784,21,100
79785,24,100
79786,29,100
79787,28,100
79791,2,100
79792,10,100
79793,12,100
79796,14,100
79798,24,100
79800,24,100
79802,6,100
79804,14,100
79805,14,100
79806,14,100
79807,24,100
79808,2,100
79811,7,100
79812,1,100
79813,24,100
79817,2,100
79820,24,100
79821,4,100
79824,14,100
79825,6,100
79826,24,100
79827,7,100
79828,2,100
79835,4,100
79838,21,100
79840,25,100
79842,11,100
79843,28,100
79846,21,100
79848,28,100
79849,15,100
79850,26,100
79851,25,100
79857,1,100
79859,21,100
79861,1,100
79863,25,100
79864,2,100
79869,15,100
79870,25,100
79874,19,100
79875,4,100
79877,7,100
79879,24,100
79883,10,100
79884,5,100
79885,5,100
79886,8,100
79887,14,100
79889,6,100
79890,6,100
79891,14,100
79892,21,100
79895,24,100
79896,6,100
79898,1,100
79899,8,100
79901,1,100
79902,6,100
79903,4,100
79904,1,100
79906,4,100
79908,25,100
79912,21,100
79916,14,100
79918,14,100
79924,10,100
79925,25,100
79926,25,100
79927,24,100
79931,10,100
79932,25,100
79934,24,100
79936,13,100
79939,6,100
79940,14,100
79946,1,100
79948,20,100
79951,2,100
79953,14,100
79954,24,100
79956,29,100
79957,28,100
79958,10,100
79960,14,100
79961,1,100
79962,14,100
79963,4,100
79964,14,100
79965,24,100
79966,19,100
79969,20,100
79970,2,100
79972,24,100
79976,24,100
79977,10,100
79979,31,100
79981,24,100
79982,14,100
79985,3,100
79986,4,100
79989,14,100
79994,10,100
79996,10,100
79998,31,100
79999,21,100
80001,22,100
80002,17,100
80003,20,100
80006,19,100
80008,15,100
80013,19,100
80014,15,100
80016,17,100
80017,7,100
80020,19,100
80022,27,100
80023,28,100
80024,21,100
80025,2,100
80026,11,100
80028,17,100
80029,18,100
80031,11,100
80033,27,100
80034,15,100
80035,24,100
80037,25,100
80040,24,100
80041,13,100
80042,11,100
80043,24,100
80045,19,100
80053,14,100
80056,21,100
80058,19,100
80061,11,100
80062,27,100
80063,24,100
80066,24,100
80068,13,100
80069,27,100
80074,11,100
80075,21,100
80078,25,100
80086,13,100
80087,4,100
80088,0,100
80089,19,100
80090,27,100
80091,11,100
80092,4,100
80096,0,100
80099,25,100
80101,1,100
80104,21,100
80108,11,100
80109,27,100
80110,4,100
80112,19,100
80113,26,100
80114,26,100
80115,13,100
80116,20,100
80118,22,100
80119,23,100
80120,19,100
80123,22,100
80124,28,100
80125,17,100
80126,4,100
80127,14,100
80128,6,100
80129,17,100
80130,17,100
80134,24,100
80136,8,100
80137,13,100
80138,13,100
80142,21,100
80144,7,100
80147,24,100
80148,14,100
80150,14,100
80151,14,100
80153,10,100
80154,24,100
80156,17,100
80157,1,100
80160,14,100
80161,7,100
80164,22,100
80166,25,100
80167,20,100
80168,17,100
80169,17,100
80172,20,100
80173,6,100
80174,14,100
80175,21,100
80177,21,100
80178,21,100
80179,14,100
80180,28,100
80181,20,100
80183,14,100
80184,24,100
80185,21,100
80187,17,100
80189,25,100
80190,21,100
80192,25,100
80193,17,100
80195,15,100
80200,27,100
80202,19,100
80203,17,100
80204,1,100
80208,3,100
80211,1,100
80213,24,100
80215,17,100
80217,13,100
80218,22,100
80220,20,100
80222,3,100
80223,24,100
80226,19,100
80228,13,100
80229,10,100
80230,1,100
80232,4,100
80235,14,100
80236,14,100
80237,31,100
80239,7,100
80240,25,100
80241,10,100
80242,2,100
80243,25,100
80247,10,100
80251,14,100
80252,28,100
80254,10,100
80256,14,100
80260,17,100
80269,11,100
80270,16,100
80272,22,100
80275,25,100
80276,0,100
80277,4,100
80281,14,100
80282,13,100
80284,14,100
80285,12,100
80286,19,100
80287,14,100
80288,21,100
80290,14,100
80292,3,100
80295,28,100
80296,4,100
80299,24,100
80300,28,100
80301,31,100
80302,22,100
80304,14,100
80305,14,100
80306,14,100
80307,14,100
80309,14,100
80311,21,100
80312,21,100
80313,21,100
80315,1,100
80316,1,100
80319,21,100
80320,24,100
80323,11,100
80324,27,100
80325,16,100
80332,20,100
80333,21,100
80338,13,100
80340,24,100
80341,21,100
80342,21,100
80344,10,100
80346,14,100
80347,28,100
80349,1,100
80350,14,100
80352,21,100
80353,25,100
80355,13,100
80361,19,100
80362,21,100
80363,0,100
80365,27,100
80366,11,100
80367,16,100
80369,1,100
80371,20,100
80372,15,100
80375,22,100
80377,25,100
80380,25,100
80384,28,100
80385,25,100
80387,8,100
80389,13,100
80390,13,100
80392,2,100
80393,24,100
80396,17,100
80403,0,100
80406,19,100
80407,3,100
80408,1,100
80410,27,100
80411,11,100
80412,16,100
80413,19,100
80415,14,100
80416,25,100
80417,3,100
80418,8,100
80419,3,100
80420,28,100
80421,10,100
80422,6,100
80423,25,100
80424,0,100
80425,3,100
80427,1,100
80429,10,100
80430,20,100
80431,17,100
80434,1,100
80438,25,100
80439,13,100
80441,6,100
80445,10,100
80446,25,100
80448,29,100
80449,24,100
80452,25,100
80455,14,100
80456,13,100
80457,1,100
80460,10,100
80461,24,100
80462,24,100
80463,21,100
80464,3,100
80467,28,100
80469,29,100
80471,19,100
80472,3,100
80473,6,100
80475,3,100
80476,22,100
80478,27,100
80479,25,100
80481,1,100
80482,19,100
80483,25,100
80484,3,100
80485,14,100
80486,3,100
80487,22,100
80489,24,100
80490,6,100
80491,14,100
80493,28,100
80494,6,100
80495,28,100
80496,24,100
80497,6,100
80498,7,100
80499,7,100
80501,1,100
80503,25,100
80504,13,100
80505,3,100
80507,24,100
80509,28,100
80510,15,100
80512,15,100
80513,3,100
80514,11,100
80515,3,100
80517,3,100
80525,1,100
80527,24,100
80529,3,100
80530,25,100
80531,24,100
80533,25,100
80534,25,100
80536,14,100
80537,14,100
80539,12,100
80540,24,100
80542,5,100
80544,14,100
80545,24,100
80546,14,100
80547,22,100
80549,14,100
80550,24,100
80553,17,100
80555,3,100
80556,3,100
80557,15,100
80558,17,100
80561,7,100
80566,19,100
80567,19,100
80568,11,100
80569,16,100
80572,5,100
80573,25,100
80574,14,100
80579,23,100
80580,5,100
80581,14,100
80582,20,100
80584,13,100
80590,22,100
80592,14,100
80593,13,100
80594,5,100
80595,28,100
80597,21,100
80599,3,100
80600,3,100
80603,3,100
80606,24,100
80608,13,100
80609,22,100
80611,14,100
80612,21,100
80613,14,100
80615,3,100
80616,14,100
80617,14,100
80621,14,100
80622,22,100
80624,5,100
80625,15,100
80627,3,100
80628,17,100
80629,3,100
80631,3,100
80635,19,100
80638,24,100
80640,17,100
80643,17,100
80644,17,100
80646,4,100
80647,4,100
80648,17,100
80649,17,100
80653,14,100
80654,25,100
80656,6,100
80660,4,100
80666,1,100
80667,17,100
80668,21,100
80675,12,100
80676,1,100
80677,25,100
80680,20,100
80681,24,100
80683,24,100
80684,19,100
80686,19,100
80689,14,100
80690,25,100
80694,7,100
80696,25,100
80698,24,100
80699,12,100
80700,0,100
80701,11,100
80708,24,100
80710,10,100
80711,25,100
80712,5,100
80713,19,100
80714,25,100
80715,6,100
80718,19,100
80721,25,100
80724,25,100
80726,0,100
80727,27,100
80728,11,100
80743,25,100
80744,6,100
80747,24,100
80749,20,100
80750,4,100
80752,10,100
80753,25,100
80756,14,100
80757,11,100
80759,11,100
80760,24,100
80761,14,100
80762,19,100
80767,29,100
80768,25,100
80772,1,100
80776,25,100
80778,11,100
80779,25,100
80782,11,100
80783,0,100
80785,16,100
80787,14,100
80794,14,100
80796,1,100
80800,1,100
80802,3,100
80805,16,100
80808,7,100
80814,29,100
80816,31,100
80817,14,100
80822,10,100
80824,25,100
80827,14,100
80828,21,100
80829,21,100
80832,23,100
80834,13,100
80836,20,100
80837,3,100
80838,3,100
80841,3,100
80845,16,100
80847,19,100
80848,15,100
80849,30,100
80851,15,100
80853,10,100
80855,30,100
80860,6,100
80862,6,100
80864,25,100
80870,12,100
80871,30,100
80874,23,100
80877,10,100
80878,3,100
80881,23,100
80883,22,100
80886,16,100
80889,22,100
80890,15,100
80891,11,100
80892,12,100
80894,4,100
80895,15,100
80897,0,100
80899,3,100
80906,10,100
80912,20,100
80914,30,100
80915,23,100
80916,13,100
80917,14,100
80918,4,100
80919,12,100
80920,24,100
80921,15,100
80923,6,100
80924,25,100
80925,8,100
80926,22,100
80927,31,100
80928,10,100
80929,25,100
80933,0,100
80935,3,100
80936,11,100
80939,15,100
80940,16,100
80943,14,100
80944,15,100
80948,3,100
80949,4,100
80951,15,100
80953,22,100
80954,26,100
80958,18,100
80959,10,100
80961,14,100
80962,8,100
80963,28,100
80964,3,100
80965,22,100
80966,12,100
80968,0,100
80970,3,100
80971,0,100
80975,0,100
80977,14,100
80980,10,100
80987,3,100
80991,22,100
80993,22,100
80994,22,100
80995,1,100
80996,15,100
80998,10,100
80999,13,100
81000,10,100
81001,15,100
81002,18,100
81011,22,100
81013,0,100
81014,13,100
81016,21,100
81017,12,100
81020,0,100
81021,15,100
81024,25,100
81025,0,100
81026,20,100
81027,12,100
81028,22,100
81030,3,100
81031,22,100
81033,22,100
81034,18,100
81035,4,100
81036,7,100
81037,21,100
81038,14,100
81039,22,100
81041,22,100
81044,22,100
81045,22,100
81052,28,100
81053,22,100
81054,18,100
81056,31,100
81057,1,100
81058,25,100
81059,24,100
81062,15,100
81063,15,100
81064,0,100
81065,0,100
81066,12,100
81068,18,100
81069,31,100
81073,4,100
81074,18,100
81077,1,100
81079,6,100
81083,28,100
81085,0,100
81087,1,100
81089,12,100
81092,0,100
81094,13,100
81095,30,100
81096,18,100
81100,2,100
81102,18,100
81104,23,100
81108,31,100
81109,2,100
81115,1,100
81116,1,100
81119,22,100
81120,7,100
81124,7,100
81127,23,100
81128,22,100
81129,1,100
81130,18,100
81133,12,100
81134,15,100
81135,19,100
81137,2,100
81140,22,100
81141,18,100
81143,1,100
81145,26,100
81148,22,100
81150,25,100
81151,31,100
81154,18,100
81157,26,100
81158,22,100
81160,13,100
81162,7,100
81164,26,100
81167,6,100
81168,18,100
81169,22,100
81172,7,100
81174,2,100
81176,7,100
81177,2,100
81179,7,100
81183,13,100
81186,13,100
81189,12,100
81192,13,100
81194,2,100
81198,10,100
81200,2,100
81202,13,100
81203,2,100
81204,2,100
81205,2,100
81206,19,100
81207,13,100
81209,23,100
81210,22,100
81213,19,100
81216,2,100
81220,18,100
81221,18,100
81222,22,100
81223,2,100
81226,7,100
81228,22,100
81229,19,100
81230,8,100
81231,17,100
81233,12,100
81239,31,100
81241,13,100
81242,2,100
81247,19,100
81248,2,100
81250,31,100
81254,23,100
81255,1,100
81261,18,100
81262,2,100
81263,23,100
81265,19,100
81266,10,100
81267,18,100
81270,7,100
81272,2,100
81273,19,100
81274,2,100
81275,19,100
81276,4,100
81277,28,100
81281,23,100
81282,20,100
81283,8,100
81286,31,100
81290,19,100
81292,26,100
81294,31,100
81295,18,100
81298,13,100
81303,2,100
81305,22,100
81306,13,100
81308,14,100
81309,18,100
81312,13,100
81313,20,100
81315,22,100
81316,29,100
81318,10,100
81319,2,100
81321,15,100
81323,18,100
81325,6,100
81327,21,100
81328,13,100
81330,22,100
81336,18,100
81337,25,100
81338,9,100
81339,25,100
81340,15,100
81341,20,100
81342,5,100
81346,7,100
81347,1,100
81350,13,100
81354,22,100
81355,29,100
81357,5,100
81358,29,100
81359,18,100
81360,4,100
81361,5,100
81362,17,100
81364,29,100
81365,8,100
81366,18,100
81369,10,100
81372,12,100
81373,5,100
81374,29,100
81375,7,100
81376,29,100
81378,5,100
81379,13,100
81381,5,100
81382,5,100
81385,5,100
81386,5,100
81388,5,100
81389,13,100
81390,12,100
81392,8,100
81393,2,100
81394,19,100
81401,22,100
81408,6,100
81409,4,100
81410,28,100
81411,28,100
81413,19,100
81415,5,100
81416,10,100
81419,5,100
81421,19,100
81425,7,100
81427,19,100
81429,6,100
81430,1,100
81431,1,100
81432,22,100
81435,19,100
81436,12,100
81444,12,100
81446,22,100
81448,10,100
81451,29,100
81453,19,100
81454,1,100
81456,19,100
81457,19,100
81460,19,100
81461,3,100
81464,2,100
81465,7,100
81467,26,100
81472,29,100
81473,4,100
81475,12,100
81476,1,100
81477,20,100
81479,22,100
81480,5,100
81484,7,100
81485,22,100
81487,5,100
81491,21,100
81493,14,100
81495,7,100
81497,24,100
81498,20,100
81499,20,100
81501,31,100
81503,4,100
81507,31,100
81509,29,100
81511,2,100
81513,4,100
81514,28,100
81516,4,100
81517,21,100
81518,26,100
81519,3,100
81520,4,100
81521,10,100
81523,1,100
81524,5,100
81528,29,100
81530,25,100
81535,1,100
81538,22,100
81539,25,100
81544,28,100
81546,13,100
81547,4,100
81549,29,100
81555,12,100
81560,29,100
81561,8,100
81562,24,100
81563,24,100
81564,29,100
81567,3,100
81568,27,100
81572,4,100
81575,29,100
81576,29,100
81577,5,100
81579,29,100
81581,14,100
81582,10,100
81585,7,100
81586,22,100
81587,25,100
81589,3,100
81590,7,100
81591,29,100
81592,4,100
81593,0,100
81594,27,100
81595,22,100
81599,4,100
81601,14,100
81603,6,100
81605,7,100
81607,19,100
81608,14,100
81610,25,100
81612,13,100
81613,15,100
81616,25,100
81624,21,100
81627,1,100
81628,11,100
81629,27,100
81630,25,100
81631,13,100
81632,0,100
81634,7,100
81635,27,100
81637,1,100
81640,11,100
81642,10,100
81643,17,100
81645,22,100
81646,14,100
81647,4,100
81648,6,100
81649,4,100
81651,4,100
81652,10,100
81654,2,100
81656,24,100
81657,3,100
81659,24,100
81661,17,100
81663,17,100
81666,0,100
81667,27,100
81670,29,100
81671,29,100
81674,1,100
81676,31,100
81677,6,100
81682,3,100
81683,3,100
81687,8,100
81690,29,100
81691,0,100
81692,25,100
81695,15,100
81698,25,100
81699,24,100
81700,13,100
81705,16,100
81708,14,100
81710,29,100
81711,25,100
81716,14,100
81717,22,100
81721,27,100
81723,25,100
81724,8,100
81725,13,100
81728,0,100
81733,13,100
81735,25,100
81737,0,100
81739,16,100
81740,10,100
81742,25,100
81743,20,100
81744,12,100
81745,20,100
81746,10,100
81747,1,100
81750,2,100
81753,16,100
81755,4,100
81756,4,100
81757,0,100
81760,16,100
81761,5,100
81762,25,100
81763,20,100
81764,29,100
81766,21,100
81770,29,100
81771,25,100
81772,0,100
81774,27,100
81776,25,100
81777,6,100
81779,25,100
81784,16,100
81785,4,100
81786,4,100
81790,25,100
81792,16,100
81794,15,100
81796,29,100
81800,5,100
81801,0,100
81805,20,100
81807,22,100
81808,1,100
81809,29,100
81810,7,100
81811,28,100
81814,19,100
81815,21,100
81817,21,100
81819,25,100
81821,0,100
81822,25,100
81823,27,100
81824,16,100
81825,25,100
81827,9,100
81831,9,100
81833,4,100
81834,25,100
81838,28,100
81839,26,100
81841,4,100
81846,5,100
81847,9,100
81848,25,100
81849,9,100
81850,25,100
81854,1,100
81855,9,100
81857,25,100
81858,9,100
81860,18,100
81862,9,100
81863,9,100
81865,9,100
81869,18,100
81870,13,100
81873,1,100
81874,13,100
81879,14,100
81880,11,100
81881,6,100
81883,24,100
81884,12,100
81887,22,100
81890,20,100
81891,8,100
81892,25,100
81893,18,100
81894,9,100
81895,9,100
81896,18,100
81900,12,100
81901,9,100
81903,18,100
81910,22,100
81911,1,100
81913,29,100
81915,19,100
81917,19,100
81920,18,100
81927,4,100
81928,1,100
81934,13,100
81935,10,100
81936,0,100
81939,19,100
81940,29,100
81944,27,100
81946,7,100
81947,19,100
81949,0,100
81953,10,100
81954,10,100
81955,25,100
81960,0,100
81962,27,100
81965,26,100
81966,29,100
81967,29,100
81971,24,100
81975,28,100
81977,19,100
81983,11,100
81986,11,100
81988,0,100
81992,11,100
81995,22,100
81997,11,100
82000,0,100
82003,0,100
82004,27,100
82007,6,100
82008,29,100
82014,22,100
82017,5,100
82019,31,100
82022,1,100
82023,18,100
82024,21,100
82030,6,100
82033,21,100
82034,4,100
82036,5,100
82038,13,100
82039,14,100
82040,4,100
82042,13,100
82045,21,100
82048,16,100
82049,28,100
82051,6,100
82052,14,100
82053,20,100
82056,0,100
82057,16,100
82059,6,100
82061,29,100
82064,29,100
82065,8,100
82066,7,100
82071,16,100
82073,6,100
82075,10,100
82079,19,100
82081,25,100
82082,10,100
82083,20,100
82084,0,100
82087,27,100
82088,16,100
82089,20,100
82091,29,100
82092,26,100
82097,10,100
82098,13,100
82099,21,100
82101,18,100
82102,0,100
82105,31,100
82106,8,100
82108,23,100
82112,10,100
82114,4,100
82116,14,100
82117,31,100
82119,7,100
82120,29,100
82121,26,100
82124,21,100
82125,10,100
82127,29,100
82128,14,100
82133,22,100
82138,10,100
82139,21,100
82141,22,100
82148,29,100
82149,10,100
82150,6,100
82151,10,100
82154,2,100
82157,10,100
82160,0,100
82162,27,100
82163,25,100
82167,8,100
82171,29,100
82175,15,100
82177,8,100
82178,14,100
82179,10,100
82181,6,100
82182,1,100
82183,10,100
82185,10,100
82186,0,100
82187,20,100
82188,15,100
82192,0,100
82193,28,100
82194,22,100
82195,1,100
82199,0,100
82200,0,100
82202,28,100
82204,9,100
82206,0,100
82207,15,100
82209,15,100
82210,22,100
82211,3,100
82213,1,100
82217,0,100
82218,22,100
82219,12,100
82220,20,100
82221,22,100
82222,10,100
82223,10,100
82224,1,100
82225,1,100
82226,12,100
82228,12,100
82229,1,100
82231,15,100
82235,7,100
82236,8,100
82237,22,100
82239,1,100
82241,12,100
82242,13,100
82244,25,100
82245,15,100
82247,18,100
82248,25,100
82250,0,100
82251,18,100
82252,18,100
82253,18,100
82254,10,100
82255,18,100
82258,18,100
82261,15,100
82262,0,100
82265,18,100
82268,10,100
82271,13,100
82272,13,100
82273,19,100
82274,14,100
82278,13,100
82280,4,100
82281,18,100
82282,19,100
82288,30,100
82293,1,100
82296,18,100
82298,9,100
82299,18,100
82300,18,100
82306,9,100
82307,9,100
82308,9,100
82312,14,100
82313,17,100
82314,28,100
82316,20,100
82319,27,100
82321,14,100
82322,13,100
82326,15,100
82327,27,100
82329,4,100
82330,6,100
82331,19,100
82333,15,100
82334,27,100
82337,17,100
82339,27,100
82340,11,100
82341,7,100
82343,27,100
82344,7,100
82346,17,100
82348,6,100
82351,2,100
82352,15,100
82353,0,100
82354,27,100
82360,4,100
82363,19,100
82365,19,100
82370,11,100
82372,12,100
82373,0,100
82374,27,100
82377,31,100
82387,19,100
82389,7,100
82391,19,100
82392,22,100
82394,0,100
82396,11,100
82400,3,100
82401,22,100
82402,3,100
82403,31,100
82405,21,100
82406,10,100
82407,21,100
82414,0,100
82415,27,100
82416,11,100
82417,1,100
82419,9,100
82420,9,100
82422,22,100
82423,2,100
82424,0,100
82425,0,100
82430,0,100
82433,9,100
82435,10,100
82436,9,100
82438,20,100
82439,22,100
82441,19,100
82442,19,100
82443,1,100
82444,19,100
82445,13,100
82446,13,100
82449,19,100
82451,13,100
82454,13,100
82455,13,100
82457,13,100
82459,13,100
82461,24,100
82462,1,100
82463,1,100
82466,21,100
82469,17,100
82470,17,100
82473,17,100
82474,17,100
82477,17,100
82479,17,100
82480,17,100
82481,10,100
82482,17,100
82483,17,100
82484,17,100
82490,17,100
82491,17,100
82492,17,100
82493,17,100
82496,25,100
82499,17,100
82506,17,100
82510,17,100
82512,17,100
82513,17,100
82514,17,100
82515,17,100
82518,14,100
82519,13,100
82521,20,100
82526,22,100
82527,4,100
82529,22,100
82530,14,100
82535,31,100
82536,31,100
82537,28,100
82539,15,100
82541,6,100
82546,3,100
82549,3,100
82550,0,100
82551,3,100
82552,31,100
82553,3,100
82555,14,100
82556,17,100
82557,17,100
82559,17,100
82560,17,100
82561,17,100
82563,31,100
82564,17,100
82567,17,100
82570,17,100
82571,17,100
82572,17,100
82574,17,100
82577,1,100
82578,17,100
82580,17,100
82584,6,100
82585,17,100
82587,17,100
82592,17,100
82593,17,100
82596,17,100
82599,1,100
82601,8,100
82604,8,100
82605,28,100
82607,11,100
82608,11,100
82613,21,100
82616,14,100
82622,15,100
82623,21,100
82624,17,100
82628,17,100
82634,17,100
82635,26,100
82639,25,100
82642,6,100
82645,3,100
82648,15,100
82651,15,100
82652,13,100
82653,21,100
82654,4,100
82655,14,100
82656,26,100
82657,17,100
82660,24,100
82662,17,100
82663,20,100
82664,17,100
82668,31,100
82669,25,100
82670,17,100
82671,13,100
82672,6,100
82676,25,100
82677,1,100
82679,6,100
82682,25,100
82683,5,100
82684,19,100
82686,25,100
82688,24,100
82690,17,100
82691,13,100
82693,1,100
82696,29,100
82697,19,100
82698,28,100
82699,14,100
82700,4,100
82701,13,100
82703,23,100
82704,10,100
82705,21,100
82707,23,100
82708,25,100
82712,14,100
82713,25,100
82714,6,100
82715,25,100
82716,6,100
82717,21,100
82718,14,100
82719,8,100
82725,17,100
82727,13,100
82728,31,100
82729,28,100
82730,25,100
82731,17,100
82732,24,100
82734,20,100
82738,1,100
82739,29,100
82741,17,100
82743,17,100
82751,0,100
82754,27,100
82755,24,100
82756,10,100
82757,21,100
82763,1,100
82765,1,100
82766,17,100
82767,6,100
82769,29,100
82771,25,100
82772,13,100
82773,17,100
82776,1,100
82782,8,100
82783,24,100
82786,6,100
82788,17,100
82792,12,100
82795,12,100
82801,4,100
82802,4,100
82803,1,100
82804,24,100
82807,19,100
82808,11,100
82813,10,100
82815,25,100
82816,10,100
82819,17,100
82822,25,100
82826,25,100
82827,13,100
82828,17,100
82829,0,100
82830,12,100
82835,0,100
82836,16,100
82840,6,100
82841,6,100
82842,21,100
82849,17,100
82850,1,100
82851,17,100
82852,13,100
82853,17,100
82854,13,100
82859,31,100
82860,17,100
82863,17,100
82864,11,100
82865,17,100
82869,13,100
82871,25,100
82874,31,100
82875,14,100
82881,4,100
82883,21,100
82884,25,100
82885,31,100
82888,0,100
82889,0,100
82890,27,100
82893,14,100
82894,21,100
82897,0,100
82898,3,100
82899,20,100
82900,4,100
82903,6,100
82905,3,100
82907,3,100
82908,31,100
82914,1,100
82919,6,100
82920,25,100
82921,14,100
82922,25,100
82923,18,100
82925,25,100
82929,4,100
82930,6,100
82931,20,100
82933,14,100
82934,22,100
82939,4,100
82940,4,100
82941,13,100
82943,28,100
82944,14,100
82945,14,100
82946,6,100
82947,21,100
82950,10,100
82951,21,100
82952,19,100
82957,6,100
82958,6,100
82959,14,100
82960,1,100
82962,31,100
82964,24,100
82965,21,100
82968,4,100
82972,4,100
82973,20,100
82976,28,100
82977,17,100
82982,25,100
82988,25,100
82991,23,100
82992,22,100
82997,19,100
83001,3,100
83003,16,100
83005,6,100
83006,17,100
83009,19,100
83010,20,100
83011,10,100
83012,22,100
83013,28,100
83015,23,100
83016,29,100
83017,26,100
83020,25,100
83025,29,100
83027,11,100
83031,22,100
83034,19,100
83035,4,100
83036,1,100
83039,17,100
83040,25,100
83041,20,100
83044,8,100
83048,25,100
83050,28,100
83051,25,100
83054,24,100
83056,13,100
83058,19,100
83060,3,100
83061,1,100
83062,27,100
83066,6,100
83067,29,100
83068,25,100
83069,22,100
83070,3,100
83072,25,100
83073,14,100
83074,19,100
83076,4,100
83078,1,100
83080,24,100
83081,10,100
83084,14,100
83090,14,100
83091,10,100
83092,10,100
83093,4,100
83095,6,100
83097,1,100
83099,13,100
83107,14,100
83109,10,100
83110,13,100
83116,25,100
83120,6,100
83121,15,100
83124,29,100
83125,13,100
83126,6,100
83128,5,100
83131,25,100
83132,1,100
83133,8,100
83134,14,100
83139,10,100
83140,14,100
83141,3,100
83142,0,100
83143,3,100
83146,27,100
83149,13,100
83152,26,100
83153,22,100
83154,4,100
83155,17,100
83156,17,100
83158,14,100
83159,3,100
83162,25,100
83164,25,100
83166,25,100
83170,7,100
83171,23,100
83173,14,100
83175,20,100
83176,11,100
83179,13,100
83181,22,100
83182,29,100
83185,28,100
83187,1,100
83188,11,100
83190,4,100
83191,25,100
83193,28,100
83195,19,100
83196,14,100
83197,19,100
83198,25,100
83199,0,100
83200,7,100
83202,15,100
83204,7,100
83207,25,100
83210,10,100
83215,25,100
83217,17,100
83219,3,100
83220,1,100
83223,4,100
83225,1,100
83226,22,100
83227,29,100
83228,25,100
83229,4,100
83233,25,100
83234,21,100
83236,14,100
83238,24,100
83243,25,100
83244,4,100
83246,20,100
83247,1,100
83248,4,100
83249,21,100
83253,20,100
83256,11,100
83257,22,100
83258,14,100
83261,10,100
83263,24,100
83264,29,100
83269,13,100
83271,24,100
83277,25,100
83278,20,100
83281,1,100
83282,20,100
83283,17,100
83284,20,100
83287,17,100
83289,17,100
83292,17,100
83294,23,100
83295,3,100
83296,3,100
83298,17,100
83302,23,100
83303,17,100
83304,24,100
83305,14,100
83306,14,100
83307,4,100
83311,22,100
83313,23,100
83314,1,100
83315,17,100
83316,23,100
83325,8,100
83326,23,100
83327,4,100
83331,4,100
83334,17,100
83335,17,100
83336,29,100
83338,17,100
83339,17,100
83341,17,100
83342,17,100
83343,10,100
83345,13,100
83347,22,100
83348,8,100
83349,4,100
83350,14,100
83351,11,100
83352,14,100
83353,24,100
83355,11,100
83356,26,100
83357,31,100
83358,10,100
83359,10,100
83364,3,100
83365,27,100
83366,16,100
83367,25,100
83368,25,100
83370,17,100
83371,17,100
83373,13,100
83380,21,100
83381,21,100
83386,29,100
83388,14,100
83389,14,100
83392,6,100
83395,14,100
83398,1,100
83399,14,100
83403,17,100
83404,1,100
83406,24,100
83407,1,100
83409,1,100
83410,11,100
83413,29,100
83414,8,100
83417,13,100
83421,20,100
83422,8,100
83426,21,100
83429,4,100
83431,8,100
83432,25,100
83435,0,100
83436,29,100
83438,16,100
83439,14,100
83440,21,100
83442,10,100
83443,11,100
83444,8,100
83445,14,100
83450,14,100
83452,21,100
83453,19,100
83454,14,100
83455,25,100
83458,31,100
83459,19,100
83461,1,100
83462,16,100
83463,25,100
83464,13,100
83467,10,100
83469,30,100
83470,20,100
83471,14,100
83473,4,100
83474,11,100
83475,14,100
83476,6,100
83477,31,100
83479,24,100
83484,11,100
83485,23,100
83486,30,100
83489,30,100
83491,14,100
83493,1,100
83495,14,100
83497,23,100
83498,8,100
83501,4,100
83502,11,100
83503,6,100
83507,6,100
83508,23,100
83511,20,100
83513,17,100
83514,17,100
83515,17,100
83516,17,100
83517,17,100
83520,17,100
83522,5,100
83523,7,100
83525,19,100
83527,28,100
83528,5,100
83531,26,100
83537,4,100
83538,17,100
83539,17,100
83540,17,100
83541,17,100
83542,17,100
83543,17,100
83544,17,100
83545,17,100
83548,17,100
83552,15,100
83553,3,100
83554,17,100
83557,23,100
83558,14,100
83562,25,100
83563,26,100
83567,20,100
83570,13,100
83574,3,100
83575,7,100
83578,14,100
83579,10,100
83580,28,100
83584,4,100
83585,24,100
83586,10,100
83590,24,100
83592,13,100
83593,6,100
83594,4,100
83595,29,100
83599,13,100
83603,4,100
83605,31,100
83606,31,100
83607,20,100
83610,6,100
83611,13,100
83615,5,100
83616,6,100
83617,2,100
83618,13,100
83620,1,100
83621,31,100
83622,13,100
83623,26,100
83625,31,100
83627,19,100
83628,19,100
83630,26,100
83631,8,100
83632,22,100
83635,25,100
83638,19,100
83640,11,100
83644,10,100
83645,17,100
83646,10,100
83647,28,100
83648,25,100
83649,0,100
83650,28,100
83652,26,100
83657,27,100
83659,16,100
83660,21,100
83662,3,100
83664,29,100
83665,15,100
83668,13,100
83671,24,100
83672,10,100
83674,22,100
83676,1,100
83677,30,100
83678,5,100
83681,6,100
83684,19,100
83685,25,100
83686,5,100
83687,5,100
83690,5,100
83693,5,100
83695,21,100
83696,20,100
83699,29,100
83701,7,100
83702,25,100
83705,1,100
83708,26,100
83712,1,100
83713,26,100
83714,22,100
83716,7,100
83718,26,100
83719,6,100
83724,17,100
83725,7,100
83726,1,100
83727,14,100
83734,10,100
83735,30,100
83736,13,100
83739,10,100
83740,25,100
83742,19,100
83743,19,100
83744,3,100
83748,19,100
83750,29,100
83751,25,100
83752,1,100
83755,3,100
83764,3,100
83765,1,100
83769,10,100
83771,8,100
83773,19,100
83775,13,100
83776,7,100
83777,4,100
83780,4,100
83781,21,100
83783,19,100
83787,21,100
83796,19,100
83800,14,100
83802,7,100
83803,17,100
83809,11,100
83810,21,100
83811,27,100
83814,21,100
83815,1,100
83818,21,100
83819,1,100
83821,18,100
83825,14,100
83832,14,100
83834,25,100
83835,21,100
83836,21,100
83837,25,100
83839,21,100
83841,22,100
83842,1,100
83843,21,100
83844,14,100
83846,19,100
83850,20,100
83852,13,100
83853,0,100
83856,7,100
83857,26,100
83858,31,100
83859,29,100
83863,16,100
83864,22,100
83865,29,100
83866,3,100
83872,8,100
83873,6,100
83874,19,100
83875,26,100
83876,10,100
83877,8,100
83880,25,100
83883,5,100
83884,14,100
83887,22,100
83888,25,100
83889,25,100
83890,13,100
83891,10,100
83892,13,100
83895,29,100
83896,5,100
83897,14,100
83898,20,100
83901,3,100
83902,8,100
83909,14,100
83910,10,100
83911,25,100
83913,14,100
83914,22,100
83915,31,100
83918,26,100
83919,10,100
83921,25,100
83922,8,100
83923,13,100
83926,4,100
83927,10,100
83929,13,100
83932,24,100
83933,25,100
83934,25,100
83937,0,100
83941,27,100
83942,31,100
83943,19,100
83946,4,100
83950,13,100
83951,31,100
83953,13,100
83954,29,100
83955,5,100
83956,5,100
83959,24,100
83960,6,100
83962,4,100
83966,4,100
83970,14,100
83972,25,100
83974,7,100
83975,10,100
83982,1,100
83983,25,100
83989,10,100
83992,31,100
83998,16,100
84000,23,100
84001,22,100
84002,3,100
84004,1,100
84006,12,100
84007,14,100
84013,8,100
84014,10,100
84015,25,100
84016,11,100
84018,6,100
84019,6,100
84020,11,100
84022,11,100
84023,3,100
84024,17,100
84026,3,100
84028,7,100
84029,27,100
84030,31,100
84031,26,100
84032,16,100
84034,1,100
84035,3,100
84037,1,100
84041,25,100
84043,14,100
84044,10,100
84047,5,100
84049,1,100
84052,25,100
84057,17,100
84058,4,100
84060,29,100
84061,22,100
84062,25,100
84064,4,100
84067,31,100
84068,22,100
84069,6,100
84070,3,100
84072,29,100
84074,10,100
84075,22,100
84077,11,100
84081,0,100
84086,26,100
84087,25,100
84088,16,100
84090,3,100
84093,14,100
84094,23,100
84095,15,100
84096,14,100
84098,14,100
84100,31,100
84108,2,100
84110,29,100
84111,14,100
84112,6,100
84113,25,100
84114,22,100
84116,5,100
84123,2,100
84125,22,100
84127,6,100
84128,22,100
84132,31,100
84134,6,100
84136,29,100
84137,21,100
84141,22,100
84148,18,100
84150,15,100
84152,22,100
84154,21,100
84155,21,100
84158,0,100
84159,26,100
84160,31,100
84163,14,100
84166,25,100
84168,21,100
84170,29,100
84172,17,100
84175,4,100
84177,14,100
84180,4,100
84184,6,100
84185,7,100
84186,29,100
84188,27,100
84190,19,100
84191,26,100
84192,31,100
84194,26,100
84198,17,100
84200,19,100
84201,3,100
84202,25,100
84203,1,100
84207,26,100
84209,5,100
84210,8,100
84212,26,100
84213,19,100
84215,11,100
84217,20,100
84218,14,100
84219,14,100
84220,14,100
84225,25,100
84229,6,100
84231,0,100
84235,25,100
84236,16,100
84237,25,100
84239,25,100
84240,8,100
84241,4,100
84244,28,100
84245,1,100
84247,3,100
84248,28,100
84250,4,100
84251,20,100
84253,19,100
84254,7,100
84256,24,100
84259,25,100
84261,1,100
84264,31,100
84265,4,100
84266,25,100
84267,2,100
84271,1,100
84272,24,100
84276,24,100
84277,6,100
84278,13,100
84279,8,100
84280,26,100
84281,8,100
84286,7,100
84287,13,100
84288,14,100
84293,16,100
84295,4,100
84299,2,100
84300,1,100
84302,0,100
84305,5,100
84306,10,100
84308,6,100
84309,7,100
84316,1,100
84319,27,100
84320,22,100
84322,5,100
84323,14,100
84324,5,100
84325,4,100
84327,3,100
84330,28,100
84333,6,100
84334,25,100
84336,7,100
84337,1,100
84340,23,100
84343,3,100
84345,30,100
84348,14,100
84349,26,100
84350,28,100
84351,30,100
84354,5,100
84355,4,100
84357,10,100
84359,7,100
84362,23,100
84365,22,100
84368,7,100
84369,21,100
84372,25,100
84373,15,100
84374,0,100
84376,0,100
84377,7,100
84378,4,100
84380,0,100
84382,25,100
84384,31,100
84387,25,100
84389,5,100
84391,23,100
84392,23,100
84395,28,100
84396,22,100
84400,31,100
84406,25,100
84408,31,100
84409,15,100
84410,22,100
84412,4,100
84413,13,100
84424,31,100
84426,4,100
84427,7,100
84429,31,100
84436,18,100
84439,1,100
84440,6,100
84441,18,100
84445,15,100
84447,23,100
84449,31,100
84450,11,100
84453,6,100
84454,1,100
84456,15,100
84459,3,100
84460,22,100
84461,27,100
84462,16,100
84463,26,100
84464,14,100
84465,13,100
84466,18,100
84467,7,100
84470,10,100
84473,3,100
84474,0,100
84479,0,100
84480,29,100
84483,18,100
84484,18,100
84490,12,100
84491,22,100
84493,4,100
84494,3,100
84495,12,100
84497,15,100
84498,26,100
84501,18,100
84502,7,100
84505,31,100
84506,12,100
84508,18,100
84509,10,100
84512,19,100
84513,31,100
84515,0,100
84520,12,100
84521,10,100
84522,12,100
84527,6,100
84528,26,100
84529,31,100
84533,22,100
84535,10,100
84536,31,100
84537,22,100
84539,21,100
84540,1,100
84542,15,100
84545,21,100
84546,22,100
84548,1,100
84550,10,100
84552,22,100
84556,15,100
84559,22,100
84560,22,100
84562,14,100
84563,6,100
84564,22,100
84570,2,100
84572,22,100
84574,21,100
84575,10,100
84576,29,100
84580,10,100
84582,12,100
84588,12,100
84591,18,100
84592,12,100
84593,0,100
84594,10,100
84595,6,100
84597,1,100
84598,12,100
84601,22,100
84605,13,100
84610,22,100
84611,18,100
84616,22,100
84617,22,100
84620,17,100
84622,19,100
84623,0,100
84625,0,100
84626,22,100
84630,15,100
84634,1,100
84635,22,100
84638,2,100
84641,1,100
84642,19,100
84643,31,100
84644,18,100
84645,22,100
84646,23,100
84647,23,100
84649,5,100
84652,1,100
84653,12,100
84655,22,100
84656,18,100
84657,19,100
84660,7,100
84661,2,100
84666,13,100
84668,13,100
84672,25,100
84675,28,100
84677,31,100
84678,2,100
84682,18,100
84686,7,100
84687,23,100
84693,18,100
84696,19,100
84697,18,100
84699,18,100
84701,22,100
84702,13,100
84704,7,100
84705,12,100
84706,18,100
84709,6,100
84713,1,100
84714,7,100
84715,6,100
84716,6,100
84718,25,100
84721,4,100
84722,20,100
84724,4,100
84729,28,100
84732,12,100
84733,19,100
84735,3,100
84737,2,100
84738,31,100
84744,31,100
84746,13,100
84747,13,100
84749,6,100
84751,7,100
84752,22,100
84753,19,100
84756,4,100
84757,4,100
84758,2,100
84759,25,100
84760,25,100
84763,20,100
84764,13,100
84772,2,100
84775,6,100
84778,5,100
84779,8,100
84780,31,100
84781,2,100
84786,2,100
84792,22,100
84797,7,100
84798,6,100
84799,5,100
84800,18,100
84801,2,100
84802,7,100
84803,19,100
84804,6,100
84805,2,100
84807,18,100
84809,24,100
84810,2,100
84812,26,100
84814,18,100
84815,23,100
84818,13,100
84819,7,100
84820,2,100
84822,31,100
84823,15,100
84824,6,100
84825,6,100
84827,7,100
84828,18,100
84830,20,100
84833,1,100
84835,20,100
84837,23,100
84838,1,100
84839,13,100
84840,31,100
84841,31,100
84842,8,100
84843,31,100
84845,4,100
84847,21,100
84849,7,100
84852,2,100
84854,20,100
84855,10,100
84856,2,100
84858,23,100
84859,25,100
84863,13,100
84864,13,100
84865,2,100
84867,19,100
84868,19,100
84869,19,100
84870,29,100
84871,7,100
84872,6,100
84873,6,100
84875,25,100
84877,4,100
84879,31,100
84882,19,100
84883,20,100
84884,13,100
84885,13,100
84886,24,100
84888,24,100
84890,19,100
84893,18,100
84895,14,100
84898,25,100
84900,15,100
84901,7,100
84903,1,100
84905,29,100
84907,12,100
84908,1,100
84909,4,100
84913,12,100
84914,2,100
84915,29,100
84917,7,100
84919,13,100
84920,1,100
84921,1,100
84922,25,100
84923,25,100
84924,12,100
84926,13,100
84928,15,100
84929,0,100
84931,4,100
84935,12,100
84936,18,100
84939,8,100
84940,4,100
84947,8,100
84948,25,100
84950,13,100
84951,1,100
84953,6,100
84955,13,100
84957,13,100
84958,18,100
84959,4,100
84960,6,100
84961,25,100
84963,25,100
84965,25,100
84967,29,100
84969,25,100
84972,19,100
84974,25,100
84975,25,100
84979,25,100
84980,24,100
84982,25,100
84984,24,100
84986,18,100
84987,24,100
84988,22,100
84989,20,100
84992,31,100
84993,21,100
84994,5,100
84996,19,100
84997,25,100
84998,0,100
85002,22,100
85004,7,100
85005,1,100
85007,30,100
85008,6,100
85009,30,100
85011,25,100
85012,23,100
85014,25,100
85019,8,100
85020,6,100
85021,13,100
85022,25,100
85023,25,100
85025,24,100
85027,13,100
85028,10,100
85030,4,100
85031,26,100
85032,6,100
85034,6,100
85036,6,100
85039,6,100
85040,24,100
85043,6,100
85045,14,100
85046,4,100
85048,6,100
85054,6,100
85057,24,100
85059,1,100
85060,8,100
85061,8,100
85062,14,100
85064,1,100
85066,12,100
85068,24,100
85069,28,100
85070,28,100
85072,24,100
85073,24,100
85074,14,100
85077,6,100
85079,21,100
85082,31,100
85083,6,100
85084,1,100
85086,1,100
85088,20,100
85093,24,100
85094,11,100
85095,14,100
85097,6,100
85099,24,100
85100,24,100
85102,1,100
85104,24,100
85108,3,100
85109,14,100
85110,5,100
85113,24,100
85115,19,100
85118,6,100
85127,6,100
85129,24,100
85130,6,100
85131,6,100
85136,11,100
85138,6,100
85139,14,100
85142,14,100
85154,6,100
85157,6,100
85159,26,100
85164,6,100
85167,11,100
85168,25,100
85170,26,100
85173,20,100
85174,19,100
85176,10,100
85180,16,100
85181,11,100
85183,5,100
85185,11,100
85186,12,100
85187,10,100
85188,14,100
85189,23,100
85190,27,100
85191,16,100
85194,1,100
85196,8,100
85198,21,100
85199,20,100
85200,14,100
85203,15,100
85207,22,100
85208,23,100
85210,0,100
85213,16,100
85215,2,100
85217,25,100
85218,26,100
85220,31,100
85221,15,100
85222,9,100
85225,22,100
85227,12,100
85229,9,100
85231,15,100
85232,22,100
85233,3,100
85234,15,100
85235,1,100
85236,8,100
85241,8,100
85243,9,100
85246,9,100
85247,9,100
85248,9,100
85249,9,100
85250,9,100
85252,9,100
85253,9,100
85254,9,100
85255,28,100
85257,21,100
85262,9,100
85263,9,100
85264,18,100
85265,7,100
85267,9,100
85270,28,100
85274,29,100
85275,24,100
85277,10,100
85278,7,100
85281,19,100
85282,6,100
85286,10,100
85288,29,100
85289,27,100
85290,1,100
85292,29,100
85293,0,100
85295,19,100
85296,10,100
85297,29,100
85299,29,100
85300,10,100
85301,4,100
85302,29,100
85303,0,100
85306,19,100
85307,2,100
85308,19,100
85309,19,100
85310,6,100
85313,29,100
85316,4,100
85317,0,100
85320,19,100
85321,2,100
85322,19,100
85324,0,100
85327,4,100
85330,27,100
85333,19,100
85334,2,100
85337,19,100
85338,2,100
85340,2,100
85341,19,100
85343,29,100
85344,19,100
85346,27,100
85348,19,100
85349,19,100
85352,19,100
85353,2,100
85355,2,100
85356,19,100
85358,19,100
85360,0,100
85361,19,100
85367,19,100
85372,4,100
85373,25,100
85375,19,100
85378,19,100
85383,20,100
85384,26,100
85385,6,100
85386,2,100
85387,0,100
85397,7,100
85399,20,100
85400,6,100
85404,14,100
85405,14,100
85406,10,100
85409,6,100
85411,1,100
85412,0,100
85413,3,100
85416,21,100
85417,14,100
85419,10,100
85421,20,100
85424,31,100
85428,4,100
85429,20,100
85434,20,100
85437,22,100
85439,20,100
85441,20,100
85448,16,100
85450,6,100
85452,28,100
85453,3,100
85455,22,100
85456,20,100
85461,23,100
85466,26,100
85467,0,100
85470,16,100
85471,0,100
85477,22,100
85479,22,100
85480,14,100
85482,0,100
85483,27,100
85484,14,100
85485,8,100
85492,14,100
85494,21,100
85495,10,100
85496,21,100
85498,25,100
85500,25,100
85506,10,100
85507,22,100
85508,20,100
85509,24,100
85515,8,100
85516,10,100
85517,25,100
85520,10,100
85522,22,100
85523,13,100
85531,23,100
85533,19,100
85534,8,100
85535,3,100
85536,14,100
85541,10,100
85542,6,100
85544,1,100
85545,25,100
85546,0,100
85547,19,100
85551,20,100
85552,21,100
85555,8,100
85556,8,100
85558,1,100
85559,25,100
85562,0,100
85564,22,100
85566,29,100
85568,4,100
85570,19,100
85572,3,100
85574,25,100
85576,5,100
85580,24,100
85582,20,100
85583,31,100
85585,26,100
85591,22,100
85593,26,100
85594,14,100
85596,17,100
85600,19,100
85602,0,100
85605,11,100
85608,10,100
85609,1,100
85613,0,100
85614,19,100
85618,6,100
85619,10,100
85622,22,100
85624,22,100
85625,15,100
85626,7,100
85627,4,100
85629,19,100
85630,23,100
85631,19,100
85633,13,100
85635,29,100
85636,18,100
85642,14,100
85646,19,100
85648,28,100
85650,12,100
85652,4,100
85653,20,100
85658,25,100
85662,14,100
85666,8,100
85670,21,100
85671,6,100
85672,8,100
85673,10,100
85683,3,100
85685,5,100
85688,6,100
85689,8,100
85692,25,100
85695,30,100
85696,23,100
85697,30,100
85698,17,100
85700,30,100
85702,5,100
85704,25,100
85710,13,100
85714,19,100
85715,30,100
85721,30,100
85724,29,100
85727,5,100
85730,8,100
85732,28,100
85733,8,100
85736,8,100
85737,19,100
85738,20,100
85739,21,100
85741,20,100
85742,13,100
85746,0,100
85747,25,100
85749,19,100
85750,8,100
85752,7,100
85753,25,100
85754,29,100
85755,1,100
85758,5,100
85760,25,100
85762,25,100
85764,25,100
85766,5,100
85768,25,100
85769,25,100
85770,13,100
85773,20,100
85775,26,100
85776,6,100
85777,6,100
85780,4,100
85783,20,100
85790,10,100
85791,8,100
85792,24,100
85796,29,100
85800,24,100
85802,4,100
85803,4,100
85806,4,100
85807,26,100
85808,31,100
85809,7,100
85815,7,100
85816,28,100
85817,29,100
85819,13,100
85821,4,100
85823,6,100
85826,29,100
85827,29,100
85829,29,100
85832,5,100
85833,4,100
85835,7,100
85837,8,100
85839,29,100
85840,14,100
85845,20,100
85846,26,100
85847,4,100
85851,15,100
85852,31,100
85855,20,100
85856,4,100
85857,29,100
85860,4,100
85861,4,100
85864,12,100
85866,5,100
85868,29,100
85869,8,100
85870,8,100
85871,29,100
85872,18,100
85873,18,100
85877,6,100
85878,18,100
85880,12,100
85882,0,100
85884,13,100
85885,3,100
85888,9,100
85890,21,100
85893,18,100
85895,12,100
85897,28,100
85899,8,100
85900,29,100
85904,8,100
85905,14,100
85906,19,100
85907,1,100
85908,4,100
85911,5,100
85912,7,100
85917,8,100
85918,22,100
85919,7,100
85921,3,100
85923,1,100
85924,8,100
85926,4,100
85934,12,100
85935,8,100
85939,12,100
85942,26,100
85943,13,100
85944,13,100
85946,8,100
85949,1,100
85950,28,100
85952,15,100
85955,6,100
85960,10,100
85963,20,100
85964,1,100
85965,13,100
85969,7,100
85970,13,100
85974,25,100
85976,15,100
85978,10,100
85979,8,100
85980,10,100
85986,8,100
85989,0,100
85995,25,100
85997,8,100
86000,7,100
86001,22,100
86002,30,100
86003,8,100
86004,5,100
86007,29,100
86010,12,100
86011,13,100
86014,18,100
86015,25,100
86016,22,100
86017,31,100
86018,14,100
86021,31,100
86023,7,100
86030,12,100
86031,20,100
86032,12,100
86034,20,100
86035,18,100
86039,6,100
86040,25,100
86042,2,100
86043,4,100
86044,10,100
86045,26,100
86046,25,100
86048,18,100
86049,24,100
86050,25,100
86052,0,100
86057,26,100
86058,1,100
86059,18,100
86060,25,100
86065,15,100
86067,18,100
86073,29,100
86075,25,100
86076,0,100
86078,0,100
86080,15,100
86082,8,100
86083,12,100
86085,22,100
86088,18,100
86094,18,100
86096,25,100
86097,15,100
86100,18,100
86104,15,100
86106,10,100
86109,25,100
86110,12,100
86113,18,100
86114,18,100
86116,22,100
86117,15,100
86119,15,100
86127,18,100
86132,25,100
86136,31,100
86138,4,100
86140,18,100
86141,8,100
86142,2,100
86144,18,100
86146,1,100
86147,8,100
86149,4,100
86150,4,100
86152,18,100
86154,24,100
86157,4,100
86159,15,100
86160,15,100
86161,13,100
86162,9,100
86165,15,100
86167,18,100
86171,18,100
86172,8,100
86174,18,100
86175,18,100
86177,8,100
86178,18,100
86179,2,100
86180,18,100
86181,18,100
86185,18,100
86187,28,100
86189,1,100
86190,18,100
86192,15,100
86193,12,100
86195,25,100
86196,22,100
86197,12,100
86198,5,100
86200,18,100
86203,9,100
86208,18,100
86209,29,100
86211,21,100
86212,26,100
86214,15,100
86215,10,100
86219,18,100
86220,18,100
86221,12,100
86222,20,100
86223,18,100
86225,8,100
86233,29,100
86234,29,100
86236,18,100
86237,18,100
86239,30,100
86241,4,100
86245,1,100
86248,22,100
86251,18,100
86252,15,100
86253,15,100
86256,18,100
86257,2,100
86259,15,100
86262,12,100
86265,10,100
86266,20,100
86267,20,100
86273,8,100
86276,5,100
86277,3,100
86279,26,100
86280,15,100
86281,18,100
86283,2,100
86284,4,100
86286,18,100
86287,29,100
86288,15,100
86289,22,100
86290,30,100
86291,12,100
86293,25,100
86294,25,100
86298,12,100
86299,30,100
86300,23,100
86301,18,100
86303,10,100
86305,15,100
86306,15,100
86307,4,100
86309,18,100
86311,18,100
86312,18,100
86313,18,100
86316,18,100
86317,5,100
86320,1,100
86323,23,100
86326,4,100
86329,25,100
86330,1,100
86331,6,100
86333,14,100
86337,6,100
86340,1,100
86341,13,100
86342,24,100
86343,17,100
86344,21,100
86345,24,100
86349,2,100
86351,24,100
86352,24,100
86353,20,100
86355,21,100
86357,14,100
86358,24,100
86360,24,100
86362,24,100
86366,28,100
86369,25,100
86371,28,100
86372,2,100
86374,11,100
86375,6,100
86384,11,100
86385,7,100
86388,19,100
86390,13,100
86391,14,100
86392,26,100
86393,1,100
86396,5,100
86397,6,100
86399,7,100
86400,27,100
86405,5,100
86407,8,100
86408,4,100
86409,7,100
86410,5,100
86411,5,100
86412,14,100
86418,14,100
86420,18,100
86423,15,100
86424,19,100
86425,0,100
86426,31,100
86428,29,100
86429,4,100
86431,4,100
86432,18,100
86434,13,100
86440,20,100
86441,7,100
86443,7,100
86446,22,100
86448,21,100
86449,4,100
86451,24,100
86452,4,100
86453,4,100
86454,4,100
86456,4,100
86458,29,100
86460,10,100
86463,10,100
86464,4,100
86468,10,100
86471,24,100
86472,24,100
86473,10,100
86476,4,100
86479,10,100
86480,24,100
86481,10,100
86482,10,100
86485,10,100
86490,10,100
86491,28,100
86492,24,100
86493,24,100
86499,24,100
86500,10,100
86502,4,100
86505,4,100
86506,10,100
86507,24,100
86508,4,100
86510,24,100
86512,10,100
86513,10,100
86514,10,100
86515,25,100
86517,3,100
86521,10,100
86523,4,100
86524,10,100
86525,10,100
86527,4,100
86528,4,100
86531,4,100
86532,4,100
86533,14,100
86535,4,100
86536,10,100
86537,4,100
86539,24,100
86540,4,100
86541,28,100
86542,24,100
86546,4,100
86547,24,100
86550,10,100
86552,13,100
86554,17,100
86556,5,100
86558,28,100
86560,25,100
86562,13,100
86571,0,100
86572,3,100
86575,16,100
86579,4,100
86581,2,100
86582,2,100
86583,26,100
86584,4,100
86586,14,100
86587,10,100
86591,25,100
86592,5,100
86594,2,100
86595,22,100
86596,14,100
86599,19,100
86600,10,100
86604,23,100
86605,12,100
86606,25,100
86608,12,100
86609,28,100
86614,29,100
86615,27,100
86619,16,100
86621,6,100
86622,22,100
86624,7,100
86625,6,100
86627,24,100
86629,22,100
86630,25,100
86631,10,100
86632,22,100
86633,22,100
86634,5,100
86635,6,100
86637,20,100
86638,10,100
86640,22,100
86641,13,100
86642,8,100
86643,25,100
86644,25,100
86645,18,100
86648,0,100
86651,16,100
86653,21,100
86656,28,100
86657,6,100
86658,6,100
86659,21,100
86660,6,100
86665,7,100
86666,24,100
86667,25,100
86670,5,100
86675,15,100
86677,16,100
86678,0,100
86680,25,100
86681,25,100
86683,10,100
86685,7,100
86686,26,100
86687,1,100
86688,8,100
86690,7,100
86693,24,100
86696,24,100
86697,4,100
86699,14,100
86702,8,100
86705,14,100
86706,14,100
86708,6,100
86709,25,100
86712,7,100
86721,7,100
86722,4,100
86723,5,100
86725,19,100
86726,25,100
86728,6,100
86732,27,100
86735,21,100
86737,28,100
86739,20,100
86742,5,100
86746,3,100
86747,0,100
86750,16,100
86751,13,100
86752,18,100
86755,26,100
86759,13,100
86761,19,100
86762,6,100
86765,31,100
86766,1,100
86767,24,100
86770,27,100
86771,16,100
86772,17,100
86773,1,100
86780,20,100
86785,10,100
86786,25,100
86788,1,100
86797,28,100
86798,1,100
86800,17,100
86801,6,100
86802,17,100
86806,17,100
86809,14,100
86810,21,100
86811,22,100
86812,1,100
86813,6,100
86815,7,100
86816,17,100
86817,22,100
86819,17,100
86820,7,100
86822,31,100
86824,10,100
86826,25,100
86827,25,100
86828,14,100
86830,22,100
86832,21,100
86833,17,100
86841,16,100
86842,12,100
86846,10,100
86849,2,100
86850,4,100
86855,25,100
86857,10,100
86858,6,100
86860,0,100
86861,7,100
86865,7,100
86866,14,100
86867,20,100
86870,31,100
86871,10,100
86872,10,100
86873,10,100
86874,10,100
86877,25,100
86878,28,100
86879,7,100
86880,25,100
86881,10,100
86884,31,100
86886,0,100
86888,14,100
86892,29,100
86893,6,100
86894,26,100
86895,3,100
86896,17,100
86897,31,100
86898,25,100
86899,22,100
86902,13,100
86903,1,100
86905,26,100
86910,0,100
86911,31,100
86913,27,100
86915,13,100
86917,25,100
86920,29,100
86922,25,100
86924,8,100
86926,22,100
86929,8,100
86931,25,100
86932,25,100
86933,19,100
86935,24,100
86937,25,100
86939,27,100
86943,19,100
86945,31,100
86946,25,100
86948,13,100
86949,5,100
86951,26,100
86953,7,100
86954,31,100
86955,31,100
86956,31,100
86957,21,100
86959,4,100
86960,10,100
86962,13,100
86963,26,100
86964,29,100
86965,24,100
86966,10,100
86967,14,100
86969,23,100
86970,7,100
86972,25,100
86975,22,100
86977,3,100
86979,28,100
86980,13,100
86981,8,100
86983,8,100
86985,8,100
86986,8,100
86989,23,100
86990,8,100
86991,8,100
86994,22,100
86997,25,100
86999,15,100
87002,3,100
87004,27,100
87008,31,100
87009,15,100
87013,3,100
87016,23,100
87017,29,100
87019,22,100
87021,3,100
87022,13,100
87026,5,100
87027,25,100
87028,21,100
87032,25,100
87034,22,100
87035,1,100
87036,28,100
87037,20,100
87038,20,100
87039,25,100
87040,4,100
87042,6,100
87045,7,100
87047,0,100
87048,3,100
87049,3,100
87057,22,100
87060,3,100
87064,16,100
87069,18,100
87070,28,100
87071,10,100
87074,3,100
87076,3,100
87077,20,100
87078,4,100
87080,21,100
87082,22,100
87083,22,100
87084,12,100
87085,22,100
87090,25,100
87093,3,100
87094,10,100
87100,22,100
87101,3,100
87102,22,100
87105,28,100
87107,28,100
87113,4,100
87115,10,100
87116,22,100
87117,22,100
87118,25,100
87120,22,100
87125,12,100
87126,10,100
87129,25,100
87131,3,100
87135,4,100
87138,31,100
87139,6,100
87140,8,100
87144,4,100
87145,26,100
87146,26,100
87147,10,100
87150,1,100
87152,25,100
87153,31,100
87155,26,100
87158,26,100
87159,21,100
87160,21,100
87164,3,100
87165,5,100
87166,22,100
87167,31,100
87168,22,100
87169,31,100
87170,18,100
87172,20,100
87174,12,100
87179,7,100
87181,22,100
87185,0,100
87186,22,100
87190,2,100
87191,31,100
87194,25,100
87195,3,100
87196,7,100
87197,26,100
87204,31,100
87205,15,100
87206,22,100
87207,15,100
87210,24,100
87211,19,100
87213,15,100
87214,22,100
87216,22,100
87218,22,100
87220,22,100
87222,31,100
87223,25,100
87226,3,100
87230,0,100
87232,22,100
87239,18,100
87240,20,100
87241,18,100
87242,18,100
87247,26,100
87249,15,100
87250,18,100
87252,28,100
87253,6,100
87254,26,100
87255,12,100
87256,6,100
87257,22,100
87258,22,100
87260,12,100
87261,26,100
87264,3,100
87268,25,100
87270,22,100
87271,20,100
87274,5,100
87281,7,100
87282,6,100
87283,6,100
87286,22,100
87288,8,100
87290,18,100
87294,25,100
87295,25,100
87300,12,100
87301,31,100
87302,5,100
87304,21,100
87307,12,100
87308,3,100
87309,3,100
87314,18,100
87316,1,100
87319,5,100
87322,22,100
87324,8,100
87326,22,100
87327,8,100
87334,25,100
87336,26,100
87337,15,100
87338,18,100
87339,18,100
87340,22,100
87341,6,100
87349,31,100
87350,20,100
87352,31,100
87353,31,100
87354,18,100
87357,26,100
87358,12,100
87361,21,100
87365,1,100
87370,13,100
87371,1,100
87372,10,100
87373,10,100
87374,12,100
87376,5,100
87378,1,100
87379,18,100
87381,28,100
87384,12,100
87385,13,100
87387,13,100
87389,12,100
87390,9,100
87391,6,100
87394,25,100
87395,14,100
87398,31,100
87401,4,100
87402,30,100
87403,18,100
87405,26,100
87406,9,100
87409,12,100
87411,9,100
87417,9,100
87418,24,100
87420,9,100
87422,5,100
87423,6,100
87424,31,100
87425,19,100
87429,22,100
87430,6,100
87431,13,100
87432,13,100
87433,13,100
87434,21,100
87435,6,100
87436,25,100
87439,3,100
87444,21,100
87447,29,100
87448,20,100
87449,24,100
87452,6,100
87456,12,100
87457,28,100
87461,24,100
87462,24,100
87466,9,100
87467,3,100
87469,24,100
87470,12,100
87471,14,100
87473,14,100
87476,1,100
87477,1,100
87478,15,100
87479,18,100
87482,24,100
87484,29,100
87488,24,100
87490,24,100
87491,13,100
87499,31,100
87501,25,100
87504,19,100
87507,5,100
87509,12,100
87511,12,100
87522,8,100
87523,22,100
87525,21,100
87526,12,100
87528,18,100
87529,25,100
87530,29,100
87531,6,100
87532,25,100
87536,2,100
87537,26,100
87539,6,100
87540,24,100
87541,24,100
87543,13,100
87547,6,100
87548,29,100
87549,5,100
87550,14,100
87552,4,100
87554,14,100
87555,5,100
87556,28,100
87557,2,100
87559,20,100
87561,25,100
87563,22,100
87564,25,100
87568,2,100
87569,29,100
87574,29,100
87575,0,100
87576,16,100
87577,25,100
87578,29,100
87579,1,100
87581,2,100
87583,27,100
87584,16,100
87585,31,100
87587,3,100
87588,19,100
87590,25,100
87591,25,100
87594,1,100
87600,25,100
87602,31,100
87603,31,100
87607,21,100
87610,3,100
87618,15,100
87619,16,100
87622,25,100
87624,15,100
87628,3,100
87629,0,100
87631,0,100
87633,10,100
87634,21,100
87635,12,100
87637,25,100
87641,6,100
87643,18,100
87645,25,100
87648,22,100
87649,22,100
87650,1,100
87652,12,100
87655,2,100
87657,22,100
87659,19,100
87661,4,100
87662,29,100
87664,21,100
87665,22,100
87667,22,100
87669,20,100
87671,1,100
87672,25,100
87673,14,100
87674,18,100
87676,8,100
87677,8,100
87680,10,100
87682,11,100
87683,8,100
87684,11,100
87689,18,100
87690,11,100
87691,8,100
87692,8,100
87696,10,100
87698,10,100
87699,10,100
87701,15,100
87702,0,100
87705,4,100
87707,31,100
87708,10,100
87712,2,100
87715,19,100
87716,0,100
87718,16,100
87721,1,100
87722,25,100
87723,0,100
87724,0,100
87725,1,100
87727,27,100
87732,15,100
87733,22,100
87734,22,100
87738,1,100
87739,22,100
87741,4,100
87742,29,100
87747,22,100
87748,15,100
87751,22,100
87752,7,100
87754,15,100
87756,4,100
87757,15,100
87758,25,100
87760,18,100
87761,29,100
87762,29,100
87763,15,100
87766,18,100
87768,18,100
87769,13,100
87771,18,100
87773,0,100
87774,15,100
87777,3,100
87778,29,100
87779,18,100
87780,4,100
87781,18,100
87782,18,100
87785,18,100
87787,9,100
87788,9,100
87790,9,100
87791,9,100
87792,9,100
87795,9,100
87797,9,100
87798,9,100
87799,0,100
87801,18,100
87803,15,100
87805,29,100
87808,31,100
87809,12,100
87810,13,100
87811,19,100
87812,25,100
87813,13,100
87814,30,100
87815,2,100
87816,18,100
87817,19,100
87819,13,100
87824,18,100
87826,9,100
87827,18,100
87828,9,100
87829,9,100
87830,9,100
87832,18,100
87842,19,100
87843,11,100
87845,19,100
87846,11,100
87847,10,100
87848,25,100
87849,19,100
87851,1,100
87853,25,100
87855,19,100
87856,19,100
87857,11,100
87859,11,100
87860,19,100
87862,25,100
87865,11,100
87866,19,100
87867,25,100
87868,12,100
87869,25,100
87870,17,100
87871,11,100
87875,11,100
87879,25,100
87884,23,100
87885,28,100
87887,8,100
87888,29,100
87894,25,100
87899,13,100
87900,19,100
87903,19,100
87905,13,100
87906,13,100
87907,25,100
87909,25,100
87912,25,100
87913,25,100
87914,6,100
87915,11,100
87916,19,100
87918,14,100
87919,11,100
87921,25,100
87928,24,100
87929,19,100
87930,19,100
87933,27,100
87934,24,100
87938,19,100
87940,17,100
87941,27,100
87947,2,100
87950,5,100
87951,19,100
87952,19,100
87953,14,100
87956,8,100
87957,18,100
87961,9,100
87962,9,100
87963,9,100
87966,9,100
87971,24,100
87973,24,100
87974,17,100
87978,10,100
87979,25,100
87982,5,100
87987,14,100
87989,5,100
87992,6,100
87993,6,100
87997,28,100
87998,6,100
88002,14,100
88003,14,100
88004,14,100
88005,26,100
88010,1,100
88011,13,100
88012,29,100
88013,24,100
88015,17,100
88016,17,100
88017,17,100
88018,17,100
88019,17,100
88025,25,100
88026,1,100
88028,19,100
88035,3,100
88036,17,100
88037,17,100
88038,17,100
88041,25,100
88042,20,100
88043,19,100
88044,7,100
88049,0,100
88050,7,100
88053,28,100
88054,17,100
88057,3,100
88058,17,100
88060,17,100
88061,19,100
88062,1,100
88063,4,100
88064,17,100
88065,1,100
88066,10,100
88069,20,100
88071,20,100
88073,17,100
88075,17,100
88078,29,100
88079,4,100
88081,26,100
88083,20,100
88087,17,100
88093,21,100
88097,25,100
88099,5,100
88101,19,100
88102,6,100
88103,15,100
88104,29,100
88106,12,100
88107,6,100
88108,26,100
88109,28,100
88111,25,100
88112,3,100
88113,0,100
88115,31,100
88117,3,100
88118,7,100
88120,27,100
88122,25,100
88123,5,100
88124,20,100
88125,17,100
88126,1,100
88128,8,100
88131,21,100
88132,20,100
88133,22,100
88134,4,100
88135,14,100
88137,25,100
88139,29,100
88140,17,100
88141,17,100
88142,17,100
88143,6,100
88145,17,100
88146,21,100
88149,25,100
88154,4,100
88156,2,100
88159,0,100
88160,31,100
88162,17,100
88164,27,100
88165,22,100
88166,6,100
88168,28,100
88169,6,100
88173,31,100
88174,6,100
88178,8,100
88181,28,100
88183,20,100
88185,5,100
88187,8,100
88190,14,100
88191,6,100
88192,1,100
88193,14,100
88195,6,100
88196,7,100
88197,14,100
88198,17,100
88202,17,100
88203,26,100
88205,6,100
88208,5,100
88210,1,100
88211,26,100
88212,28,100
88214,19,100
88215,1,100
88216,3,100
88221,20,100
88224,7,100
88225,27,100
88227,1,100
88230,17,100
88231,21,100
88232,25,100
88233,25,100
88234,17,100
88235,1,100
88237,31,100
88238,2,100
88241,25,100
88242,20,100
88243,17,100
88244,10,100
88245,1,100
88246,1,100
88248,6,100
88250,21,100
88251,15,100
88255,8,100
88256,10,100
88257,14,100
88264,29,100
88266,24,100
88269,20,100
88270,31,100
88271,31,100
88272,13,100
88273,13,100
88274,1,100
88276,1,100
88277,25,100
88279,25,100
88280,22,100
88281,31,100
88282,31,100
88283,31,100
88285,31,100
88286,10,100
88289,22,100
88291,31,100
88292,13,100
88293,29,100
88294,29,100
88295,13,100
88297,29,100
88299,14,100
88300,10,100
88301,25,100
88303,19,100
88308,28,100
88316,31,100
88319,12,100
88322,1,100
88324,22,100
88325,27,100
88326,14,100
88331,20,100
88332,21,100
88334,25,100
88336,26,100
88337,20,100
88341,31,100
88342,20,100
88345,1,100
88346,8,100
88347,21,100
88349,6,100
88351,22,100
88352,14,100
88354,25,100
88358,29,100
88360,1,100
88361,29,100
88362,10,100
88364,10,100
88365,15,100
88367,1,100
88368,19,100
88369,1,100
88371,20,100
88372,3,100
88373,8,100
88374,10,100
88376,4,100
88377,4,100
88378,20,100
88381,10,100
88382,20,100
88383,21,100
88384,14,100
88385,3,100
88386,28,100
88387,3,100
88389,20,100
88391,25,100
88393,0,100
88398,1,100
88400,6,100
88401,3,100
88402,20,100
88405,3,100
88406,27,100
88407,16,100
88408,19,100
88412,29,100
88414,10,100
88415,20,100
88417,22,100
88419,31,100
88421,20,100
88423,28,100
88425,18,100
88426,29,100
88430,19,100
88433,10,100
88434,13,100
88437,22,100
88448,5,100
88449,29,100
88451,19,100
88452,7,100
88453,3,100
88456,0,100
88462,25,100
88463,14,100
88466,31,100
88467,20,100
88468,22,100
88470,5,100
88474,1,100
88475,14,100
88476,19,100
88477,4,100
88479,12,100
88483,1,100
88484,21,100
88485,10,100
88486,6,100
88487,14,100
88488,11,100
88490,23,100
88491,14,100
88492,24,100
88495,22,100
88498,6,100
88504,19,100
88505,1,100
88506,0,100
88507,19,100
88508,2,100
88510,27,100
88511,16,100
88513,25,100
88514,25,100
88516,31,100
88518,31,100
88519,7,100
88521,30,100
88522,17,100
88524,24,100
88525,8,100
88532,4,100
88533,12,100
88536,19,100
88538,10,100
88539,18,100
88541,8,100
88542,25,100
88543,31,100
88546,5,100
88547,29,100
88549,19,100
88550,7,100
88552,31,100
88554,2,100
88557,2,100
88558,31,100
88563,0,100
88565,2,100
88566,3,100
88567,27,100
88569,31,100
88570,3,100
88573,1,100
88574,6,100
88581,10,100
88582,19,100
88589,21,100
88590,29,100
88591,1,100
88592,10,100
88596,14,100
88597,8,100
88599,25,100
88600,2,100
88602,31,100
88604,25,100
88605,21,100
88606,31,100
88608,10,100
88611,20,100
88613,6,100
88618,29,100
88619,22,100
88620,20,100
88622,25,100
88624,13,100
88625,19,100
88626,20,100
88627,17,100
88628,18,100
88629,13,100
88631,4,100
88632,31,100
88633,21,100
88634,6,100
88636,25,100
88637,14,100
88638,19,100
88639,31,100
88640,22,100
88642,31,100
88643,21,100
88647,10,100
88650,14,100
88651,31,100
88653,29,100
88654,4,100
88656,4,100
88659,22,100
88663,10,100
88665,8,100
88667,25,100
88669,29,100
88673,29,100
88674,20,100
88676,31,100
88677,12,100
88680,14,100
88683,1,100
88684,14,100
88685,13,100
88686,3,100
88689,31,100
88692,31,100
88693,1,100
88694,26,100
88695,3,100
88698,28,100
88701,13,100
88702,22,100
88703,10,100
88704,21,100
88706,14,100
88709,31,100
88710,20,100
88715,17,100
88716,21,100
88717,1,100
88718,31,100
88729,31,100
88734,31,100
88735,6,100
88737,25,100
88740,31,100
88742,22,100
88744,10,100
88745,25,100
88748,31,100
88749,31,100
88750,31,100
88751,12,100
88753,22,100
88754,0,100
88756,31,100
88757,22,100
88758,16,100
88759,20,100
88764,26,100
88765,5,100
88768,4,100
88769,23,100
88770,31,100
88771,7,100
88773,31,100
88778,31,100
88783,5,100
88784,20,100
88785,25,100
88786,13,100
88787,14,100
88788,25,100
88790,13,100
88792,25,100
88797,31,100
88800,1,100
88804,25,100
88805,14,100
88806,31,100
88807,20,100
88809,7,100
88810,20,100
88814,25,100
88816,22,100
88818,21,100
88819,5,100
88820,10,100
88824,21,100
88825,5,100
88826,14,100
88827,10,100
88829,25,100
88831,0,100
88832,19,100
88836,14,100
88837,4,100
88838,10,100
88840,4,100
88841,25,100
88842,20,100
88846,22,100
88847,28,100
88852,22,100
88853,31,100
88854,26,100
88855,25,100
88859,10,100
88862,8,100
88868,8,100
88870,10,100
88871,25,100
88872,10,100
88873,25,100
88876,25,100
88878,25,100
88880,25,100
88882,3,100
88886,26,100
88888,4,100
88889,5,100
88890,7,100
88892,5,100
88894,25,100
88895,4,100
88897,4,100
88899,16,100
88900,6,100
88901,1,100
88902,26,100
88903,29,100
88904,5,100
88906,5,100
88907,1,100
88909,25,100
88911,6,100
88915,4,100
88923,25,100
88924,13,100
88925,13,100
88926,10,100
88927,4,100
88928,14,100
88930,7,100
88931,7,100
88932,31,100
88933,7,100
88934,13,100
88936,25,100
88937,25,100
88941,26,100
88942,31,100
88943,26,100
88945,25,100
88946,25,100
88949,22,100
88952,31,100
88953,31,100
88954,26,100
88955,31,100
88956,7,100
88957,31,100
88958,20,100
88961,20,100
88962,25,100
88965,25,100
88968,29,100
88972,7,100
88976,31,100
88978,25,100
88981,4,100
88984,13,100
88986,1,100
88988,29,100
88989,22,100
88990,19,100
88991,31,100
88993,1,100
88994,22,100
88997,22,100
88998,20,100
88999,25,100
89001,20,100
89004,19,100
89008,13,100
89009,7,100
89012,21,100
89017,2,100
89018,9,100
89019,29,100
89021,9,100
89023,20,100
89024,29,100
89025,13,100
89028,7,100
89029,29,100
89030,14,100
89033,28,100
89035,20,100
89040,9,100
89042,19,100
89048,6,100
89053,30,100
89054,12,100
89055,25,100
89056,25,100
89057,5,100
89059,26,100
89063,8,100
89064,6,100
89068,10,100
89069,31,100
89070,22,100
89071,24,100
89072,29,100
89073,31,100
89078,31,100
89079,31,100
89082,8,100
89083,18,100
89086,31,100
89088,22,100
89091,31,100
89092,31,100
89095,31,100
89096,8,100
89098,31,100
89100,13,100
89102,31,100
89103,13,100
89104,21,100
89108,6,100
89109,6,100
89114,8,100
89117,29,100
89119,7,100
89120,13,100
89122,7,100
89124,24,100
89129,24,100
89130,21,100
89133,7,100
89136,5,100
89137,21,100
89139,29,100
89141,26,100
89142,31,100
89143,24,100
89144,19,100
89145,13,100
89146,25,100
89148,6,100
89150,6,100
89151,25,100
89154,25,100
89157,17,100
89158,17,100
89159,6,100
89161,28,100
89162,14,100
89165,21,100
89167,28,100
89168,21,100
89170,4,100
89173,28,100
89176,26,100
89179,27,100
89180,16,100
89182,25,100
89184,5,100
89185,7,100
89188,4,100
89189,17,100
89190,11,100
89191,25,100
89192,31,100
89196,6,100
89197,19,100
89200,1,100
89202,3,100
89207,21,100
89213,6,100
89215,22,100
89216,0,100
89218,7,100
89219,12,100
89220,12,100
89223,27,100
89225,16,100
89227,1,100
89230,26,100
89231,11,100
89235,7,100
89239,6,100
89244,24,100
89245,6,100
89246,25,100
89247,21,100
89248,5,100
89251,26,100
89252,1,100
89255,1,100
89256,25,100
89257,14,100
89259,8,100
89260,7,100
89263,24,100
89265,26,100
89266,5,100
89268,8,100
89270,6,100
89271,1,100
89273,19,100
89274,29,100
89275,26,100
89280,31,100
89282,25,100
89284,28,100
89286,6,100
89291,0,100
89294,28,100
89295,7,100
89296,12,100
89300,18,100
89301,27,100
89302,6,100
89303,16,100
89306,19,100
89307,25,100
89309,6,100
89310,25,100
89311,15,100
89314,15,100
89315,3,100
89320,7,100
89322,0,100
89323,14,100
89324,1,100
89325,6,100
89327,25,100
89329,19,100
89331,25,100
89332,1,100
89334,18,100
89337,5,100
89338,25,100
89340,21,100
89341,19,100
89342,1,100
89343,1,100
89345,22,100
89346,31,100
89347,28,100
89348,1,100
89350,4,100
89351,7,100
89352,7,100
89354,7,100
89355,1,100
89358,25,100
89359,6,100
89362,14,100
89363,7,100
89364,7,100
89365,25,100
89368,4,100
89369,7,100
89371,31,100
89372,26,100
89374,20,100
89375,25,100
89377,22,100
89378,6,100
89380,21,100
89381,3,100
89382,14,100
89383,21,100
89386,28,100
89391,15,100
89392,11,100
89394,1,100
89395,4,100
89398,21,100
89401,20,100
89403,20,100
89404,25,100
89408,12,100
89414,31,100
89419,6,100
89420,6,100
89421,20,100
89422,24,100
89423,24,100
89425,25,100
89427,3,100
89428,25,100
89429,31,100
89433,12,100
89434,27,100
89436,19,100
89437,25,100
89440,22,100
89441,1,100
89442,3,100
89443,21,100
89445,25,100
89446,22,100
89447,22,100
89448,25,100
89454,11,100
89455,6,100
89458,1,100
89459,14,100
89461,4,100
89466,10,100
89470,22,100
89471,14,100
89472,21,100
89473,1,100
89478,4,100
89479,7,100
89482,22,100
89483,14,100
89484,19,100
89485,31,100
89486,25,100
89488,24,100
89490,29,100
89491,7,100
89492,26,100
89493,3,100
89498,25,100
89500,29,100
89501,22,100
89504,25,100
89508,20,100
89509,10,100
89510,20,100
89512,4,100
89514,25,100
89516,7,100
89519,22,100
89520,25,100
89522,25,100
89525,22,100
89526,14,100
89527,20,100
89529,6,100
89532,20,100
89537,31,100
89538,3,100
89539,20,100
89542,10,100
89546,22,100
89548,22,100
89550,12,100
89551,24,100
89552,6,100
89553,23,100
89555,2,100
89560,3,100
89564,28,100
89567,15,100
89568,10,100
89573,26,100
89574,6,100
89575,10,100
89576,17,100
89577,26,100
89579,20,100
89580,26,100
89581,24,100
89582,20,100
89584,10,100
89585,6,100
89589,26,100
89590,26,100
89592,22,100
89593,26,100
89594,2,100
89597,19,100
89598,19,100
89602,0,100
89605,22,100
89610,10,100
89612,23,100
89615,15,100
89619,10,100
89624,6,100
89625,6,100
89627,22,100
89629,31,100
89631,24,100
89632,10,100
89634,6,100
89635,6,100
89636,13,100
89637,25,100
89639,0,100
89640,6,100
89642,22,100
89644,16,100
89645,19,100
89649,4,100
89651,8,100
89658,19,100
89659,10,100
89660,21,100
89661,4,100
89663,25,100
89665,20,100
89667,6,100
89669,6,100
89670,14,100
89672,31,100
89675,22,100
89679,2,100
89680,25,100
89681,13,100
89682,31,100
89683,6,100
89685,31,100
89687,20,100
89688,7,100
89689,8,100
89690,21,100
89691,6,100
89692,8,100
89696,31,100
89697,3,100
89701,21,100
89702,19,100
89704,31,100
89708,20,100
89710,10,100
89711,11,100
89712,12,100
89714,14,100
89715,14,100
89718,6,100
89720,12,100
89723,22,100
89724,5,100
89726,23,100
89727,6,100
89733,20,100
89736,31,100
89738,23,100
89739,31,100
89740,14,100
89746,23,100
89748,14,100
89750,31,100
89753,22,100
89754,23,100
89755,25,100
89756,25,100
89761,3,100
89762,21,100
89763,31,100
89764,27,100
89768,10,100
89769,19,100
89770,3,100
89774,23,100
89776,28,100
89777,22,100
89779,22,100
89782,25,100
89784,1,100
89785,1,100
89793,14,100
89794,20,100
89797,25,100
89798,25,100
89799,21,100
89801,22,100
89803,31,100
89809,28,100
89816,30,100
89820,17,100
89821,17,100
89823,29,100
89827,29,100
89828,7,100
89829,23,100
89830,31,100
89831,5,100
89834,30,100
89835,5,100
89836,23,100
89838,30,100
89839,23,100
89840,30,100
89843,1,100
89845,30,100
89848,23,100
89851,30,100
89854,30,100
89855,23,100
89856,30,100
89858,23,100
89861,23,100
89866,28,100
89867,6,100
89869,20,100
89873,28,100
89875,30,100
89877,0,100
89879,15,100
89880,27,100
89884,30,100
89885,6,100
89886,11,100
89887,21,100
89888,26,100
89889,23,100
89896,21,100
89897,12,100
89902,21,100
89905,21,100
89909,24,100
89911,5,100
89913,30,100
89915,30,100
89916,26,100
89917,23,100
89918,14,100
89920,23,100
89923,22,100
89924,30,100
89925,6,100
89926,30,100
89927,30,100
89931,4,100
89932,23,100
89935,23,100
89936,15,100
89937,25,100
89938,6,100
89939,23,100
89942,26,100
89944,30,100
89945,30,100
89948,7,100
89949,14,100
89952,28,100
89955,30,100
89956,25,100
89961,1,100
89965,7,100
89967,7,100
89968,11,100
89969,27,100
89972,31,100
89974,26,100
89976,23,100
89977,30,100
89978,1,100
89979,30,100
89980,10,100
89981,24,100
89983,28,100
89985,28,100
89986,21,100
89987,22,100
89990,23,100
89992,25,100
89994,15,100
89998,0,100
90000,20,100
90001,2,100
90006,16,100
90007,6,100
90015,6,100
90016,6,100
90018,23,100
90019,6,100
90026,20,100
90027,30,100
90028,23,100
90029,23,100
90032,25,100
90033,10,100
90034,28,100
90035,6,100
90036,30,100
90039,10,100
90040,23,100
90041,14,100
90042,5,100
90043,1,100
90044,14,100
90046,31,100
90048,6,100
90049,6,100
90050,7,100
90055,25,100
90056,4,100
90059,14,100
90064,17,100
90065,10,100
90067,6,100
90068,26,100
90069,13,100
90072,2,100
90073,8,100
90075,28,100
90076,0,100
90077,15,100
90079,31,100
90080,27,100
90081,11,100
90082,16,100
90085,6,100
90086,24,100
90089,30,100
90090,6,100
90091,20,100
90094,23,100
90095,26,100
90097,30,100
90098,23,100
90099,5,100
90100,6,100
90103,26,100
90105,22,100
90107,1,100
90109,4,100
90113,20,100
90114,17,100
90115,17,100
90117,17,100
90118,13,100
90119,4,100
90120,17,100
90121,4,100
90122,24,100
90124,24,100
90126,1,100
90129,17,100
90130,21,100
90131,17,100
90132,1,100
90134,17,100
90137,14,100
90138,11,100
90139,26,100
90141,10,100
90142,17,100
90143,17,100
90144,17,100
90148,6,100
90150,14,100
90154,11,100
90155,6,100
90159,21,100
90160,6,100
90164,11,100
90166,17,100
90167,14,100
90170,17,100
90171,11,100
90176,31,100
90178,25,100
90181,5,100
90185,20,100
90190,6,100
90193,14,100
90196,28,100
90199,6,100
90203,31,100
90204,20,100
90205,28,100
90206,30,100
90210,21,100
90212,24,100
90213,24,100
90214,24,100
90215,14,100
90216,24,100
90219,14,100
90223,31,100
90224,5,100
90227,6,100
90228,24,100
90229,29,100
90230,20,100
90231,6,100
90232,6,100
90234,6,100
90235,6,100
90237,10,100
90241,5,100
90242,22,100
90243,3,100
90244,19,100
90245,5,100
90248,23,100
90249,5,100
90250,6,100
90254,6,100
90255,31,100
90256,14,100
90257,6,100
90259,6,100
90261,20,100
90262,24,100
90263,26,100
90266,23,100
90267,6,100
90268,21,100
90271,30,100
90274,6,100
90275,5,100
90276,14,100
90278,24,100
90280,10,100
90284,13,100
90286,6,100
90287,3,100
90288,19,100
90290,28,100
90291,31,100
90293,26,100
90295,5,100
90298,22,100
90299,23,100
90305,21,100
90307,6,100
90308,24,100
90309,6,100
90310,6,100
90312,24,100
90313,17,100
90314,24,100
90315,19,100
90316,2,100
90317,24,100
90318,25,100
90320,22,100
90322,26,100
90323,20,100
90324,5,100
90325,5,100
90326,26,100
90328,19,100
90329,31,100
90330,22,100
90333,28,100
90334,21,100
90335,6,100
90336,21,100
90337,5,100
90339,24,100
90340,26,100
90342,6,100
90343,2,100
90346,6,100
90348,14,100
90351,5,100
90354,6,100
90357,26,100
90358,26,100
90361,17,100
90362,21,100
90364,6,100
90366,26,100
90368,28,100
90371,26,100
90372,6,100
90374,6,100
90376,28,100
90377,6,100
90378,6,100
90380,25,100
90382,22,100
90383,28,100
90388,6,100
90390,19,100
90394,14,100
90395,21,100
90399,5,100
90400,24,100
90406,24,100
90409,6,100
90410,6,100
90411,14,100
90412,4,100
90414,6,100
90415,5,100
90416,21,100
90420,25,100
90424,6,100
90426,19,100
90427,25,100
90428,19,100
90429,28,100
90432,6,100
90433,6,100
90434,6,100
90437,24,100
90438,6,100
90439,5,100
90440,5,100
90441,6,100
90442,25,100
90443,14,100
90446,6,100
90447,14,100
90450,6,100
90451,6,100
90454,31,100
90457,5,100
90458,6,100
90461,6,100
90462,5,100
90463,14,100
90465,28,100
90466,14,100
90468,6,100
90472,6,100
90476,14,100
90482,6,100
90483,19,100
90487,24,100
90489,6,100
90491,14,100
90495,28,100
90499,14,100
90503,20,100
90504,5,100
90508,28,100
90511,14,100
90512,28,100
90514,20,100
90515,6,100
90516,28,100
90519,14,100
90520,28,100
90522,14,100
90523,5,100
90525,31,100
90526,6,100
90528,5,100
90529,31,100
90530,5,100
90531,19,100
90532,31,100
90534,28,100
90535,6,100
90537,14,100
90541,6,100
90542,6,100
90544,14,100
90547,20,100
90548,14,100
90549,26,100
90550,5,100
90552,28,100
90553,5,100
90554,14,100
90555,6,100
90556,6,100
90558,6,100
90561,28,100
90565,6,100
90566,26,100
90569,6,100
90570,5,100
90571,24,100
90575,21,100
90576,3,100
90577,6,100
90578,29,100
90579,6,100
90581,14,100
90583,20,100
90585,26,100
90589,5,100
90591,1,100
90593,6,100
90594,21,100
90595,20,100
90596,25,100
90597,5,100
90599,22,100
90601,6,100
90603,31,100
90604,19,100
90606,14,100
90607,26,100
90609,6,100
90611,24,100
90612,21,100
90613,14,100
90617,31,100
90618,14,100
90620,28,100
90622,14,100
90623,26,100
90624,28,100
90626,1,100
90627,26,100
90628,20,100
90632,4,100
90635,28,100
90640,31,100
90644,25,100
90645,26,100
90646,31,100
90648,28,100
90649,24,100
90650,5,100
90651,25,100
90655,14,100
90656,26,100
90657,26,100
90658,14,100
90659,26,100
90661,6,100
90662,28,100
90664,28,100
90665,20,100
90666,21,100
90667,31,100
90668,18,100
90669,22,100
90671,5,100
90673,26,100
90675,28,100
90676,6,100
90677,31,100
90679,6,100
90682,26,100
90683,21,100
90685,6,100
90686,26,100
90687,6,100
90688,6,100
90689,5,100
90691,6,100
90694,5,100
90698,6,100
90699,5,100
90700,28,100
90701,20,100
90702,24,100
90703,21,100
90704,1,100
90705,24,100
90707,7,100
90708,26,100
90709,21,100
90714,28,100
90715,26,100
90716,5,100
90717,14,100
90718,25,100
90719,28,100
90721,20,100
90722,26,100
90723,31,100
90727,14,100
90728,5,100
90729,2,100
90730,26,100
90731,14,100
90732,28,100
90739,6,100
90741,31,100
90742,31,100
90743,6,100
90747,26,100
90749,31,100
90750,14,100
90752,6,100
90754,21,100
90755,5,100
90756,10,100
90758,14,100
90760,26,100
90761,22,100
90762,31,100
90765,24,100
90767,6,100
90769,28,100
90772,6,100
90773,24,100
90776,31,100
90779,28,100
90781,31,100
90783,1,100
90785,14,100
90787,14,100
90790,31,100
90795,6,100
90798,14,100
90806,25,100
90808,25,100
90809,25,100
90812,20,100
90814,25,100
90815,20,100
90817,14,100
90818,7,100
90819,3,100
90823,22,100
90824,6,100
90831,1,100
90836,1,100
90837,1,100
90838,6,100
90839,24,100
90841,25,100
90842,20,100
90843,1,100
90845,11,100
90846,26,100
90848,19,100
90849,28,100
90850,24,100
90853,25,100
90854,0,100
90855,3,100
90856,19,100
90860,1,100
90862,24,100
90863,31,100
90864,11,100
90865,7,100
90866,1,100
90867,14,100
90869,8,100
90871,25,100
90872,3,100
90873,3,100
90875,14,100
90877,1,100
90885,19,100
90888,20,100
90889,6,100
90890,1,100
90891,20,100
90892,12,100
90893,24,100
90894,11,100
90897,2,100
90898,8,100
90899,1,100
90901,11,100
90903,6,100
90905,27,100
90907,13,100
90908,1,100
90911,6,100
90912,1,100
90913,22,100
90914,1,100
90918,19,100
90919,31,100
90920,1,100
90922,19,100
90923,1,100
90924,12,100
90926,22,100
90931,12,100
90933,28,100
90934,24,100
90935,15,100
90943,21,100
90944,0,100
90945,7,100
90947,2,100
90948,11,100
90949,13,100
90951,6,100
90952,1,100
90953,11,100
90956,20,100
90957,12,100
90958,0,100
90960,31,100
90963,1,100
90964,2,100
90970,24,100
90973,11,100
90977,22,100
90978,13,100
90980,25,100
90981,31,100
90983,6,100
90984,25,100
90985,11,100
90986,6,100
90987,25,100
90988,1,100
90989,6,100
90991,6,100
90993,25,100
90995,25,100
90998,14,100
90999,6,100
91000,21,100
91003,14,100
91011,1,100
91013,3,100
91015,24,100
91017,6,100
91018,11,100
91019,31,100
91023,6,100
91025,6,100
91030,3,100
91032,24,100
91033,6,100
91034,6,100
91035,1,100
91040,27,100
91042,1,100
91043,10,100
91044,24,100
91046,24,100
91047,6,100
91053,6,100
91058,24,100
91059,11,100
91060,15,100
91061,5,100
91065,14,100
91067,24,100
91070,24,100
91071,19,100
91073,6,100
91075,11,100
91077,3,100
91078,24,100
91080,1,100
91081,6,100
91084,6,100
91087,22,100
91089,28,100
91091,24,100
91092,21,100
91093,14,100
91094,8,100
91095,6,100
91096,1,100
91097,13,100
91098,6,100
91099,24,100
91100,31,100
91101,6,100
91103,24,100
91108,3,100
91109,6,100
91110,6,100
91111,24,100
91112,11,100
91113,6,100
91114,24,100
91116,24,100
91117,13,100
91121,14,100
91123,24,100
91124,3,100
91125,5,100
91126,26,100
91127,1,100
91130,24,100
91131,20,100
91132,6,100
91133,0,100
91134,14,100
91135,6,100
91136,6,100
91138,6,100
91143,6,100
91146,22,100
91149,11,100
91151,6,100
91153,24,100
91154,3,100
91156,6,100
91157,28,100
91159,0,100
91161,24,100
91162,27,100
91166,6,100
91167,6,100
91171,6,100
91175,22,100
91181,26,100
91182,20,100
91183,6,100
91184,28,100
91185,24,100
91189,0,100
91190,13,100
91193,13,100
91195,6,100
91201,24,100
91204,24,100
91205,14,100
91206,13,100
91207,10,100
91209,14,100
91211,0,100
91212,8,100
91214,25,100
91215,12,100
91217,4,100
91220,14,100
91225,31,100
91231,9,100
91232,29,100
91236,9,100
91237,14,100
91238,15,100
91241,0,100
91243,21,100
91244,27,100
91246,24,100
91254,9,100
91257,15,100
91259,6,100
91261,18,100
91264,1,100
91265,6,100
91270,9,100
91272,13,100
91273,24,100
91276,9,100
91278,12,100
91281,18,100
91283,10,100
91285,4,100
91286,14,100
91291,19,100
91293,9,100
91300,1,100
91303,10,100
91304,17,100
91305,28,100
91306,21,100
91307,7,100
91308,27,100
91309,16,100
91312,17,100
91315,17,100
91316,17,100
91317,7,100
91323,19,100
91326,29,100
91327,5,100
91330,29,100
91332,2,100
91333,19,100
91334,5,100
91336,29,100
91337,27,100
91338,19,100
91340,2,100
91342,19,100
91343,19,100
91345,6,100
91346,25,100
91347,0,100
91348,21,100
91350,28,100
91352,20,100
91354,6,100
91358,4,100
91360,2,100
91361,19,100
91365,21,100
91367,1,100
91370,21,100
91371,29,100
91372,4,100
91374,25,100
91376,25,100
91377,19,100
91378,25,100
91380,29,100
91382,6,100
91384,25,100
91385,29,100
91386,29,100
91389,29,100
91398,2,100
91401,5,100
91402,27,100
91403,28,100
91405,13,100
91407,25,100
91410,19,100
91411,7,100
91413,20,100
91414,18,100
91416,5,100
91417,15,100
91418,19,100
91421,25,100
91422,19,100
91423,27,100
91425,18,100
91426,20,100
91430,18,100
91431,18,100
91432,29,100
91433,2,100
91434,15,100
91435,21,100
91436,21,100
91437,1,100
91438,4,100
91439,14,100
91440,14,100
91441,2,100
91442,29,100
91443,6,100
91445,8,100
91446,27,100
91447,0,100
91448,4,100
91449,1,100
91450,29,100
91453,6,100
91454,2,100
91455,2,100
91457,1,100
91458,19,100
91459,2,100
91460,29,100
91466,2,100
91468,2,100
91471,22,100
91474,10,100
91476,10,100
91477,3,100
91478,27,100
91479,27,100
91480,29,100
91481,25,100
91482,21,100
91483,10,100
91484,20,100
91485,2,100
91486,2,100
91487,2,100
91491,27,100
91494,2,100
91499,20,100
91500,2,100
91501,7,100
91503,19,100
91504,29,100
91506,1,100
91508,2,100
91511,22,100
91512,9,100
91513,28,100
91515,29,100
91516,12,100
91519,3,100
91520,25,100
91521,29,100
91523,18,100
91524,8,100
91525,29,100
91526,6,100
91527,21,100
91528,20,100
91529,29,100
91531,19,100
91533,6,100
91539,2,100
91540,30,100
91545,4,100
91546,14,100
91547,31,100
91548,31,100
91549,24,100
91550,31,100
91552,17,100
91557,25,100
91560,17,100
91564,24,100
91565,17,100
91568,13,100
91570,17,100
91571,3,100
91572,22,100
91573,28,100
91583,10,100
91585,4,100
91586,7,100
91587,3,100
91588,17,100
91589,22,100
91591,1,100
91594,22,100
91595,6,100
91597,17,100
91604,17,100
91606,13,100
91607,3,100
91608,25,100
91610,25,100
91611,3,100
91613,20,100
91615,26,100
91616,29,100
91618,22,100
91622,29,100
91624,10,100
91625,10,100
91630,5,100
91631,25,100
91637,31,100
91640,10,100
91644,29,100
91645,26,100
91646,28,100
91648,17,100
91650,3,100
91656,17,100
91657,17,100
91661,17,100
91665,17,100
91666,22,100
91669,18,100
91670,17,100
91671,3,100
91673,17,100
91675,25,100
91676,17,100
91681,25,100
91687,25,100
91688,17,100
91690,17,100
91694,17,100
91698,29,100
91699,14,100
91700,10,100
91704,20,100
91705,10,100
91706,6,100
91710,25,100
91711,21,100
91713,22,100
91714,13,100
91715,3,100
91716,18,100
91718,21,100
91720,14,100
91721,4,100
91722,14,100
91723,10,100
91724,28,100
91725,25,100
91726,25,100
91728,25,100
91730,17,100
91731,31,100
91733,5,100
91734,25,100
91740,17,100
91742,17,100
91743,17,100
91746,17,100
91750,17,100
91752,25,100
91753,17,100
91755,3,100
91757,21,100
91758,17,100
91761,13,100
91762,3,100
91763,10,100
91764,3,100
91765,5,100
91766,3,100
91767,3,100
91768,3,100
91769,3,100
91776,15,100
91777,25,100
91778,3,100
91779,11,100
91781,27,100
91783,16,100
91786,25,100
91787,21,100
91789,8,100
91791,25,100
91793,1,100
91796,25,100
91797,10,100
91799,20,100
91801,20,100
91802,10,100
91804,20,100
91805,22,100
91806,8,100
91809,10,100
91810,25,100
91811,14,100
91812,28,100
91813,25,100
91819,14,100
91822,30,100
91824,25,100
91825,14,100
91826,17,100
91830,22,100
91832,17,100
91833,29,100
91834,17,100
91837,17,100
91838,29,100
91839,14,100
91840,14,100
91843,19,100
91845,23,100
91846,14,100
91847,17,100
91850,17,100
91851,29,100
91852,28,100
91853,23,100
91854,10,100
91855,7,100
91863,0,100
91869,17,100
91870,15,100
91871,28,100
91872,22,100
91877,14,100
91880,21,100
91882,11,100
91883,7,100
91885,0,100
91889,5,100
91891,1,100
91894,31,100
91896,1,100
91897,22,100
91899,6,100
91901,22,100
91902,20,100
91907,13,100
91908,23,100
91909,19,100
91912,14,100
91913,1,100
91915,22,100
91916,14,100
91917,25,100
91918,25,100
91921,24,100
91923,17,100
91924,1,100
91926,14,100
91930,8,100
91931,6,100
91932,8,100
91933,20,100
91935,28,100
91936,25,100
91937,13,100
91938,25,100
91939,20,100
91942,26,100
91943,22,100
91944,14,100
91945,17,100
91947,25,100
91948,1,100
91950,25,100
91952,25,100
91957,7,100
91964,7,100
91969,0,100
91970,11,100
91972,27,100
91973,16,100
91976,25,100
91977,28,100
91978,21,100
91979,25,100
91982,22,100
91984,21,100
91987,24,100
91988,17,100
91989,1,100
91992,24,100
91993,26,100
91995,3,100
91997,17,100
91998,5,100
92000,17,100
92003,21,100
92009,29,100
92012,28,100
92013,25,100
92014,8,100
92015,29,100
92016,20,100
92019,10,100
92020,29,100
92022,28,100
92025,25,100
92027,5,100
92028,26,100
92032,21,100
92033,25,100
92035,3,100
92038,25,100
92039,18,100
92040,31,100
92041,25,100
92043,20,100
92044,14,100
92045,14,100
92046,22,100
92047,3,100
92048,18,100
92052,7,100
92053,10,100
92054,25,100
92055,14,100
92057,14,100
92058,22,100
92060,17,100
92061,14,100
92063,21,100
92065,20,100
92069,24,100
92070,25,100
92073,14,100
92075,22,100
92078,3,100
92081,31,100
92083,22,100
92084,27,100
92085,0,100
92087,21,100
92088,4,100
92089,0,100
92091,29,100
92095,25,100
92096,12,100
92097,21,100
92098,1,100
92101,4,100
92102,28,100
92105,1,100
92109,29,100
92111,25,100
92113,31,100
92115,21,100
92117,25,100
92119,21,100
92120,10,100
92123,25,100
92127,25,100
92129,14,100
92130,28,100
92135,20,100
92139,25,100
92141,18,100
92142,5,100
92143,14,100
92144,25,100
92145,14,100
92147,28,100
92148,19,100
92150,25,100
92151,22,100
92153,24,100
92157,3,100
92159,25,100
92162,3,100
92163,0,100
92164,3,100
92166,3,100
92168,27,100
92171,6,100
92173,3,100
92176,13,100
92177,13,100
92178,4,100
92180,12,100
92181,14,100
92182,25,100
92188,20,100
92191,1,100
92194,10,100
92195,28,100
92198,8,100
92199,25,100
92200,28,100
92202,19,100
92203,24,100
92206,24,100
92208,22,100
92209,20,100
92212,25,100
92214,17,100
92215,25,100
92219,20,100
92220,22,100
92222,28,100
92223,22,100
92224,10,100
92225,13,100
92227,22,100
92229,20,100
92230,8,100
92239,25,100
92240,7,100
92246,1,100
92248,0,100
92251,7,100
92252,20,100
92253,14,100
92254,10,100
92255,28,100
92256,3,100
92257,0,100
92264,16,100
92265,13,100
92269,31,100
92270,2,100
92271,25,100
92272,12,100
92273,5,100
92275,31,100
92276,24,100
92280,23,100
92283,8,100
92285,25,100
92286,20,100
92287,26,100
92290,4,100
92294,22,100
92297,20,100
92299,11,100
92300,11,100
92302,24,100
92303,29,100
92304,12,100
92306,25,100
92307,29,100
92313,17,100
92316,29,100
92321,25,100
92327,17,100
92329,1,100
92331,14,100
92332,21,100
92335,25,100
92336,19,100
92339,3,100
92341,3,100
92342,7,100
92346,3,100
92348,29,100
92349,22,100
92350,0,100
92352,3,100
92353,3,100
92354,27,100
92356,21,100
92357,19,100
92362,19,100
92364,5,100
92366,24,100
92369,24,100
92370,14,100
92371,7,100
92372,21,100
92373,1,100
92375,25,100
92379,12,100
92381,8,100
92382,11,100
92383,25,100
92387,7,100
92388,3,100
92390,15,100
92391,25,100
92393,25,100
92394,24,100
92395,24,100
92400,24,100
92402,18,100
92405,6,100
92406,10,100
92407,25,100
92409,22,100
92411,3,100
92412,7,100
92413,27,100
92414,16,100
92416,28,100
92417,19,100
92421,17,100
92422,1,100
92423,29,100
92426,5,100
92428,28,100
92429,21,100
92430,19,100
92431,22,100
92432,21,100
92433,14,100
92434,20,100
92440,1,100
92444,28,100
92445,10,100
92449,25,100
92451,11,100
92452,12,100
92453,11,100
92458,7,100
92459,3,100
92461,10,100
92462,0,100
92466,3,100
92467,0,100
92468,3,100
92470,20,100
92473,10,100
92475,3,100
92477,26,100
92478,23,100
92479,10,100
92481,17,100
92484,29,100
92485,26,100
92486,21,100
92487,13,100
92489,14,100
92490,4,100
92494,26,100
92499,7,100
92500,10,100
92501,22,100
92503,7,100
92504,29,100
92506,14,100
92510,23,100
92513,17,100
92514,22,100
92516,5,100
92518,7,100
92519,15,100
92520,3,100
92521,3,100
92523,26,100
92524,25,100
92527,5,100
92529,3,100
92531,17,100
92533,22,100
92534,17,100
92537,14,100
92538,17,100
92540,22,100
92546,13,100
92548,8,100
92549,7,100
92550,20,100
92551,5,100
92552,14,100
92553,25,100
92554,17,100
92555,6,100
92556,22,100
92558,31,100
92559,26,100
92560,22,100
92562,5,100
92566,25,100
92567,17,100
92569,21,100
92570,14,100
92574,10,100
92577,6,100
92580,20,100
92581,17,100
92582,6,100
92584,10,100
92585,5,100
92589,20,100
92590,13,100
92591,14,100
92592,21,100
92593,14,100
92596,26,100
92597,24,100
92598,21,100
92599,8,100
92600,8,100
92603,6,100
92605,6,100
92606,11,100
92607,26,100
92609,17,100
92611,17,100
92614,5,100
92616,5,100
92618,5,100
92623,28,100
92624,21,100
92626,8,100
92629,5,100
92630,5,100
92631,17,100
92632,21,100
92635,10,100
92637,0,100
92644,31,100
92647,25,100
92648,14,100
92650,5,100
92651,8,100
92652,13,100
92654,6,100
92655,5,100
92657,29,100
92660,5,100
92662,14,100
92663,13,100
92664,22,100
92665,29,100
92667,4,100
92670,24,100
92671,24,100
92672,23,100
92673,5,100
92676,20,100
92678,6,100
92680,14,100
92682,21,100
92683,29,100
92684,25,100
92685,6,100
92686,25,100
92689,10,100
92690,11,100
92692,5,100
92695,25,100
92698,6,100
92700,6,100
92701,26,100
92702,30,100
92704,25,100
92707,24,100
92710,25,100
92711,3,100
92712,27,100
92715,6,100
92716,21,100
92718,6,100
92721,21,100
92723,6,100
92724,5,100
92727,7,100
92729,25,100
92731,6,100
92734,22,100
92736,8,100
92737,14,100
92740,5,100
92743,1,100
92744,21,100
92745,26,100
92746,25,100
92747,28,100
92749,29,100
92751,28,100
92753,14,100
92754,8,100
92757,14,100
92758,4,100
92765,29,100
92766,29,100
92767,26,100
92771,15,100
92773,7,100
92776,3,100
92778,5,100
92779,29,100
92780,29,100
92781,22,100
92782,5,100
92784,10,100
92786,2,100
92790,26,100
92792,1,100
92794,5,100
92795,14,100
92796,5,100
92797,13,100
92800,20,100
92802,6,100
92803,5,100
92804,4,100
92805,26,100
92807,8,100
92809,11,100
92810,12,100
92811,6,100
92812,25,100
92813,22,100
92814,20,100
92817,4,100
92818,25,100
92819,5,100
92820,23,100
92821,24,100
92823,28,100
92824,7,100
92825,6,100
92827,14,100
92829,5,100
92832,26,100
92833,18,100
92837,28,100
92838,19,100
92839,23,100
92843,5,100
92844,10,100
92845,28,100
92846,25,100
92848,4,100
92849,14,100
92852,10,100
92854,24,100
92855,28,100
92856,25,100
92858,25,100
92859,30,100
92862,25,100
92863,25,100
92864,20,100
92867,13,100
92871,5,100
92872,21,100
92875,29,100
92877,5,100
92878,25,100
92881,20,100
92882,19,100
92883,6,100
92884,4,100
92886,4,100
92887,19,100
92888,27,100
92891,13,100
92893,25,100
92894,30,100
92895,12,100
92896,23,100
92897,1,100
92899,30,100
92900,10,100
92901,5,100
92903,20,100
92904,19,100
92905,24,100
92906,4,100
92908,5,100
92909,28,100
92912,31,100
92913,28,100
92914,25,100
92917,6,100
92918,26,100
92919,24,100
92921,8,100
92924,20,100
92927,25,100
92930,4,100
92932,6,100
92933,6,100
92934,8,100
92935,12,100
92936,26,100
92937,7,100
92943,26,100
92945,26,100
92946,28,100
92947,26,100
92948,28,100
92950,26,100
92951,26,100
92952,29,100
92953,29,100
92955,29,100
92957,22,100
92964,3,100
92965,22,100
92966,0,100
92967,8,100
92971,14,100
92974,4,100
92975,5,100
92976,6,100
92978,6,100
92979,1,100
92980,6,100
92982,24,100
92986,29,100
92987,6,100
92988,3,100
92989,10,100
92991,25,100
92993,31,100
92995,3,100
92996,6,100
92997,25,100
93001,28,100
93003,0,100
93005,6,100
93007,0,100
93012,10,100
93013,0,100
93017,15,100
93018,22,100
93020,16,100
93023,3,100
93025,0,100
93028,14,100
93029,13,100
93031,8,100
93032,15,100
93033,13,100
93037,31,100
93039,8,100
93040,8,100
93042,6,100
93044,6,100
93046,13,100
93047,24,100
93048,8,100
93050,26,100
93051,28,100
93052,6,100
93053,19,100
93054,8,100
93058,18,100
93060,10,100
93064,22,100
93066,21,100
93072,21,100
93075,4,100
93077,6,100
93080,1,100
93081,6,100
93082,15,100
93083,10,100
93085,4,100
93088,26,100
93090,13,100
93092,5,100
93096,21,100
93097,25,100
93101,19,100
93103,28,100
93104,29,100
93107,12,100
93108,25,100
93109,25,100
93111,31,100
93113,26,100
93116,12,100
93119,25,100
93120,19,100
93125,25,100
93127,6,100
93128,31,100
93129,13,100
93131,31,100
93132,22,100
93135,31,100
93136,20,100
93141,8,100
93144,29,100
93146,18,100
93155,5,100
93157,31,100
93158,5,100
93160,18,100
93161,8,100
93162,8,100
93163,1,100
93165,6,100
93166,18,100
93167,29,100
93168,18,100
93170,22,100
93173,19,100
93174,5,100
93176,13,100
93177,1,100
93178,22,100
93180,12,100
93181,4,100
93182,14,100
93183,22,100
93184,22,100
93186,22,100
93188,26,100
93190,14,100
93191,1,100
93192,21,100
93193,1,100
93194,15,100
93195,21,100
93203,12,100
93204,1,100
93206,10,100
93209,22,100
93211,0,100
93213,0,100
93214,6,100
93216,26,100
93218,15,100
93219,3,100
93220,3,100
93221,12,100
93223,11,100
93227,14,100
93232,25,100
93234,20,100
93235,13,100
93237,22,100
93238,25,100
93240,6,100
93241,10,100
93242,6,100
93243,10,100
93244,19,100
93248,8,100
93250,26,100
93252,21,100
93253,14,100
93254,29,100
93257,4,100
93261,10,100
93263,1,100
93265,13,100
93268,18,100
93270,21,100
93271,21,100
93272,22,100
93273,21,100
93274,22,100
93275,31,100
93277,15,100
93278,6,100
93281,4,100
93282,10,100
93284,18,100
93286,8,100
93288,29,100
93289,20,100
93290,7,100
93291,3,100
93292,29,100
93296,31,100
93298,13,100
93299,6,100
93302,31,100
93303,5,100
93304,4,100
93311,3,100
93312,18,100
93314,25,100
93317,14,100
93318,7,100
93322,3,100
93323,22,100
93328,20,100
93331,24,100
93334,12,100
93336,1,100
93337,20,100
93338,1,100
93342,1,100
93348,22,100
93350,12,100
93351,25,100
93352,22,100
93353,7,100
93354,22,100
93356,22,100
93360,25,100
93361,18,100
93364,0,100
93365,22,100
93369,5,100
93371,5,100
93372,25,100
93375,13,100
93377,14,100
93379,5,100
93380,5,100
93381,14,100
93385,20,100
93387,21,100
93389,1,100
93390,1,100
93392,19,100
93394,19,100
93397,7,100
93398,14,100
93399,6,100
93402,12,100
93403,28,100
93404,25,100
93406,13,100
93408,25,100
93411,12,100
93412,3,100
93420,22,100
93421,31,100
93424,22,100
93425,14,100
93430,18,100
93436,3,100
93437,26,100
93439,13,100
93446,9,100
93447,9,100
93448,31,100
93451,22,100
93453,24,100
93454,7,100
93456,12,100
93458,8,100
93460,21,100
93463,24,100
93465,1,100
93466,8,100
93467,6,100
93473,5,100
93476,5,100
93477,5,100
93478,5,100
93479,20,100
93480,5,100
93481,20,100
93482,22,100
93483,19,100
93485,19,100
93486,19,100
93487,19,100
93488,19,100
93490,8,100
93491,19,100
93493,13,100
93494,5,100
93495,25,100
93499,28,100
93504,5,100
93505,13,100
93506,19,100
93508,1,100
93510,13,100
93514,28,100
93515,2,100
93516,29,100
93517,5,100
93518,5,100
93519,5,100
93520,5,100
93522,5,100
93525,5,100
93527,19,100
93528,19,100
93529,5,100
93530,2,100
93532,31,100
93536,15,100
93540,8,100
93541,19,100
93543,19,100
93544,19,100
93545,19,100
93549,5,100
93550,13,100
93551,19,100
93553,19,100
93554,0,100
93558,1,100
93560,13,100
93561,13,100
93564,19,100
93566,17,100
93567,8,100
93568,17,100
93572,19,100
93575,26,100
93580,17,100
93581,6,100
93582,11,100
93584,25,100
93586,0,100
93587,19,100
93588,27,100
93589,16,100
93591,10,100
93594,14,100
93596,22,100
93597,22,100
93601,0,100
93602,19,100
93603,31,100
93604,27,100
93605,16,100
93606,26,100
93614,19,100
93615,0,100
93619,22,100
93620,14,100
93621,14,100
93628,27,100
93630,22,100
93632,12,100
93637,20,100
93642,0,100
93643,27,100
93646,18,100
93647,16,100
93649,21,100
93651,6,100
93652,9,100
93654,13,100
93655,20,100
93657,10,100
93660,31,100
93662,14,100
93663,6,100
93666,22,100
93668,18,100
93669,9,100
93670,22,100
93671,18,100
93672,9,100
93681,2,100
93684,24,100
93685,21,100
93687,9,100
93690,9,100
93697,9,100
93701,1,100
93702,1,100
93703,19,100
93704,10,100
93706,1,100
93707,19,100
93708,21,100
93711,21,100
93712,12,100
93713,19,100
93716,19,100
93717,4,100
93720,1,100
93721,20,100
93723,21,100
93726,6,100
93727,2,100
93730,20,100
93732,31,100
93733,12,100
93734,20,100
93736,22,100
93737,22,100
93744,1,100
93746,25,100
93751,4,100
93752,2,100
93753,1,100
93754,21,100
93755,11,100
93756,19,100
93758,19,100
93759,24,100
93769,19,100
93773,2,100
93774,2,100
93776,2,100
93780,2,100
93781,1,100
93784,22,100
93788,29,100
93790,29,100
93792,29,100
93796,13,100
93798,13,100
93800,29,100
93801,24,100
93802,29,100
93804,25,100
93805,8,100
93807,0,100
93811,24,100
93813,27,100
93817,0,100
93818,3,100
93819,27,100
93824,14,100
93825,7,100
93826,3,100
93827,4,100
93828,28,100
93829,10,100
93830,2,100
93831,16,100
93832,24,100
93833,10,100
93834,4,100
93835,3,100
93840,22,100
93841,2,100
93842,2,100
93844,15,100
93845,2,100
93847,22,100
93849,25,100
93851,2,100
93852,19,100
93853,6,100
93855,22,100
93857,4,100
93858,6,100
93859,1,100
93860,14,100
93865,29,100
93867,10,100
93868,4,100
93870,29,100
93871,29,100
93872,10,100
93873,29,100
93874,13,100
93875,24,100
93876,10,100
93877,10,100
93878,17,100
93879,17,100
93880,8,100
93881,17,100
93882,17,100
93883,17,100
93886,14,100
93887,17,100
93888,6,100
93892,14,100
93896,28,100
93897,10,100
93899,17,100
93901,19,100
93903,14,100
93904,31,100
93907,24,100
93921,11,100
93925,17,100
93928,17,100
93931,11,100
93933,19,100
93941,24,100
93945,24,100
93948,6,100
93950,24,100
93951,11,100
93952,17,100
93953,11,100
93954,11,100
93956,24,100
93957,11,100
93958,24,100
93959,11,100
93960,24,100
93963,21,100
93964,19,100
93965,25,100
93967,10,100
93969,1,100
93970,11,100
93971,19,100
93972,6,100
93975,6,100
93976,11,100
93979,19,100
93981,11,100
93983,19,100
93985,11,100
93989,25,100
93990,17,100
93991,11,100
93992,17,100
93993,17,100
93999,24,100
94001,28,100
94008,26,100
94013,1,100
94014,1,100
94017,25,100
94020,24,100
94021,1,100
94024,13,100
94025,22,100
94027,29,100
94028,24,100
94030,25,100
94034,17,100
94035,13,100
94036,17,100
94037,17,100
94038,17,100
94039,17,100
94040,17,100
94041,17,100
94042,13,100
94043,17,100
94044,17,100
94045,11,100
94048,1,100
94050,23,100
94051,14,100
94052,11,100
94053,14,100
94055,26,100
94056,22,100
94057,1,100
94058,11,100
94059,24,100
94061,11,100
94063,6,100
94064,21,100
94065,28,100
94069,10,100
94072,19,100
94073,31,100
94078,24,100
94081,24,100
94082,24,100
94085,2,100
94091,13,100
94093,2,100
94094,19,100
94096,19,100
94097,19,100
94098,26,100
94099,13,100
94100,19,100
94106,7,100
94109,19,100
94110,2,100
94111,19,100
94112,19,100
94114,19,100
94115,19,100
94116,20,100
94124,2,100
94128,19,100
94129,22,100
94130,19,100
94131,19,100
94133,2,100
94134,13,100
94144,0,100
94145,19,100
94150,11,100
94152,0,100
94156,19,100
94158,19,100
94162,25,100
94163,26,100
94164,20,100
94167,25,100
94169,0,100
94172,2,100
94175,6,100
94176,2,100
94177,2,100
94178,0,100
94181,6,100
94184,25,100
94185,0,100
94186,27,100
94188,10,100
94189,2,100
94190,17,100
94193,4,100
94194,2,100
94195,22,100
94197,19,100
94198,1,100
94201,17,100
94203,14,100
94204,17,100
94205,14,100
94206,28,100
94207,17,100
94208,6,100
94211,6,100
94212,17,100
94215,10,100
94216,21,100
94217,14,100
94222,12,100
94224,10,100
94225,12,100
94226,1,100
94228,12,100
94233,24,100
94235,24,100
94238,28,100
94243,25,100
94245,25,100
94247,24,100
94249,20,100
94250,4,100
94251,14,100
94252,4,100
94254,10,100
94256,8,100
94259,13,100
94260,8,100
94262,14,100
94263,18,100
94264,31,100
94265,6,100
94268,7,100
94269,13,100
94271,21,100
94273,6,100
94274,25,100
94275,29,100
94276,20,100
94277,4,100
94280,8,100
94282,6,100
94283,13,100
94285,4,100
94292,25,100
94293,13,100
94295,6,100
94296,25,100
94300,25,100
94301,4,100
94303,8,100
94305,25,100
94306,25,100
94307,4,100
94308,8,100
94309,5,100
94310,8,100
94311,4,100
94312,25,100
94313,4,100
94314,14,100
94315,4,100
94316,6,100
94317,31,100
94320,8,100
94321,26,100
94324,6,100
94328,31,100
94330,22,100
94331,10,100
94332,22,100
94335,15,100
94337,2,100
94342,25,100
94343,22,100
94345,12,100
94346,20,100
94347,0,100
94348,31,100
94349,22,100
94352,25,100
94354,4,100
94355,22,100
94358,25,100
94360,18,100
94361,15,100
94363,7,100
94364,24,100
94366,0,100
94368,15,100
94369,1,100
94372,12,100
94376,21,100
94378,12,100
94379,20,100
94382,25,100
94383,12,100
94384,13,100
94385,1,100
94387,13,100
94388,15,100
94390,0,100
94392,12,100
94396,27,100
94398,15,100
94399,1,100
94401,19,100
94403,7,100
94404,7,100
94406,30,100
94408,26,100
94409,5,100
94414,6,100
94417,21,100
94419,8,100
94420,4,100
94421,8,100
94422,4,100
94423,31,100
94425,8,100
94430,7,100
94434,5,100
94437,7,100
94440,25,100
94441,6,100
94446,9,100
94448,9,100
94449,8,100
94450,13,100
94451,10,100
94453,9,100
94458,25,100
94460,3,100
94461,2,100
94462,4,100
94465,15,100
94466,8,100
94468,18,100
94469,1,100
94470,4,100
94471,5,100
94472,6,100
94474,15,100
94478,1,100
94480,13,100
94481,21,100
94484,25,100
94486,4,100
94487,0,100
94488,8,100
94490,28,100
94494,4,100
94495,20,100
94496,18,100
94497,8,100
94498,25,100
94499,24,100
94500,6,100
94501,13,100
94502,4,100
94503,25,100
94504,5,100
94505,25,100
94507,2,100
94508,19,100
94509,25,100
94511,5,100
94512,4,100
94513,1,100
94514,4,100
94516,3,100
94519,10,100
94520,4,100
94522,29,100
94526,5,100
94527,20,100
94528,25,100
94529,5,100
94530,22,100
94535,21,100
94537,3,100
94539,3,100
94541,3,100
94542,8,100
94544,14,100
94545,24,100
94546,5,100
94547,31,100
94555,15,100
94556,4,100
94557,4,100
94558,20,100
94561,21,100
94562,5,100
94564,31,100
94565,4,100
94567,8,100
94569,18,100
94570,6,100
94577,14,100
94581,25,100
94583,22,100
94584,9,100
94585,7,100
94587,6,100
94589,1,100
94590,6,100
94591,0,100
94592,25,100
94593,22,100
94595,26,100
94596,26,100
94597,31,100
94598,22,100
94601,12,100
94603,21,100
94605,4,100
94607,5,100
94608,1,100
94614,0,100
94615,25,100
94616,13,100
94618,1,100
94621,7,100
94622,19,100
94623,25,100
94626,8,100
94627,13,100
94632,5,100
94633,6,100
94634,5,100
94637,20,100
94638,25,100
94639,7,100
94640,21,100
94641,7,100
94642,31,100
94643,22,100
94645,6,100
94647,3,100
94653,12,100
94654,22,100
94655,3,100
94656,12,100
94657,29,100
94662,4,100
94664,13,100
94665,12,100
94668,14,100
94671,26,100
94675,22,100
94676,10,100
94682,25,100
94683,25,100
94684,8,100
94685,25,100
94686,6,100
94688,4,100
94689,25,100
94690,13,100
94691,13,100
94692,13,100
94694,10,100
94696,4,100
94697,13,100
94698,1,100
94699,6,100
94700,6,100
94701,26,100
94705,24,100
94707,24,100
94709,13,100
94711,25,100
94713,13,100
94717,1,100
94719,1,100
94720,22,100
94722,21,100
94723,3,100
94724,31,100
94728,6,100
94731,6,100
94735,6,100
94739,1,100
94740,26,100
94742,15,100
94743,6,100
94745,6,100
94746,24,100
94747,20,100
94753,29,100
94757,31,100
94759,14,100
94760,14,100
94761,6,100
94762,14,100
94764,20,100
94765,6,100
94766,22,100
94768,24,100
94770,22,100
94772,19,100
94774,19,100
94775,14,100
94777,25,100
94780,5,100
94782,12,100
94783,12,100
94785,18,100
94786,31,100
94791,24,100
94792,22,100
94793,14,100
94796,4,100
94802,7,100
94804,5,100
94807,8,100
94810,24,100
94811,12,100
94814,6,100
94815,7,100
94816,6,100
94817,31,100
94820,4,100
94825,1,100
94827,6,100
94830,14,100
94831,4,100
94834,22,100
94837,8,100
94839,25,100
94842,20,100
94843,25,100
94845,24,100
94850,7,100
94852,10,100
94853,4,100
94855,25,100
94857,14,100
94858,8,100
94859,25,100
94860,15,100
94862,31,100
94863,8,100
94865,13,100
94866,26,100
94868,5,100
94869,29,100
94871,5,100
94872,14,100
94877,25,100
94878,29,100
94879,29,100
94882,5,100
94884,14,100
94885,14,100
94886,22,100
94887,15,100
94888,9,100
94891,25,100
94892,5,100
94893,5,100
94899,6,100
94902,22,100
94905,7,100
94906,1,100
94907,5,100
94909,25,100
94912,24,100
94920,14,100
94921,4,100
94924,4,100
94925,1,100
94926,10,100
94927,6,100
94928,21,100
94931,5,100
94935,26,100
94942,14,100
94945,6,100
94946,5,100
94949,5,100
94952,8,100
94953,6,100
94956,25,100
94958,13,100
94959,25,100
94961,24,100
94963,20,100
94965,24,100
94966,28,100
94967,25,100
94968,6,100
94969,4,100
94970,29,100
94977,5,100
94979,6,100
94980,25,100
94981,1,100
94982,1,100
94983,18,100
94987,5,100
94988,4,100
94989,1,100
94992,6,100
94994,25,100
94995,25,100
94997,18,100
95000,21,100
95001,1,100
95006,25,100
95008,5,100
95009,1,100
95011,25,100
95013,25,100
95014,4,100
95016,7,100
95020,20,100
95022,20,100
95023,20,100
95024,25,100
95026,25,100
95027,25,100
95029,18,100
95033,25,100
95034,4,100
95041,26,100
95045,30,100
95046,6,100
95048,13,100
95049,6,100
95050,4,100
95052,30,100
95053,8,100
95054,6,100
95057,6,100
95058,17,100
95061,17,100
95062,17,100
95063,17,100
95064,17,100
95065,17,100
95067,14,100
95069,24,100
95072,17,100
95075,24,100
95076,24,100
95080,17,100
95082,17,100
95085,24,100
95093,17,100
95098,1,100
95099,10,100
95100,28,100
95101,28,100
95103,24,100
95107,20,100
95108,25,100
95109,17,100
95110,17,100
95111,29,100
95115,26,100
95116,15,100
95119,17,100
95120,25,100
95122,11,100
95123,17,100
95124,22,100
95125,22,100
95128,1,100
95130,19,100
95131,25,100
95132,23,100
95133,13,100
95134,29,100
95138,8,100
95140,13,100
95141,22,100
95142,23,100
95144,13,100
95147,31,100
95149,17,100
95151,7,100
95153,20,100
95156,10,100
95157,17,100
95159,13,100
95160,22,100
95163,24,100
95164,14,100
95165,29,100
95169,17,100
95170,10,100
95175,4,100
95176,19,100
95177,5,100
95179,17,100
95181,13,100
95183,22,100
95184,6,100
95186,24,100
95188,29,100
95191,1,100
95194,17,100
95196,17,100
95201,17,100
95203,19,100
95204,22,100
95206,0,100
95207,17,100
95208,19,100
95209,15,100
95210,3,100
95211,3,100
95212,19,100
95214,16,100
95215,0,100
95216,18,100
95219,13,100
95220,10,100
95221,19,100
95223,11,100
95226,25,100
95227,25,100
95231,25,100
95233,0,100
95234,17,100
95236,25,100
95239,7,100
95240,3,100
95245,4,100
95246,25,100
95247,17,100
95248,24,100
95249,20,100
95252,29,100
95255,14,100
95256,25,100
95258,14,100
95260,7,100
95262,17,100
95265,3,100
95267,27,100
95268,16,100
95269,0,100
95271,6,100
95274,21,100
95275,26,100
95278,21,100
95282,25,100
95283,31,100
95284,23,100
95287,15,100
95288,31,100
95289,31,100
95291,1,100
95295,13,100
95296,25,100
95299,3,100
95300,25,100
95301,29,100
95303,0,100
95305,3,100
95308,27,100
95309,19,100
95312,25,100
95313,19,100
95316,31,100
95320,22,100
95323,14,100
95324,23,100
95327,14,100
95330,25,100
95331,14,100
95332,22,100
95333,25,100
95334,19,100
95335,17,100
95336,0,100
95337,23,100
95338,0,100
95339,3,100
95340,19,100
95341,1,100
95342,27,100
95347,25,100
95348,18,100
95352,25,100
95354,23,100
95356,13,100
95358,11,100
95359,0,100
95362,1,100
95363,3,100
95366,3,100
95367,3,100
95375,22,100
95376,8,100
95377,14,100
95378,24,100
95379,14,100
95380,25,100
95382,13,100
95383,18,100
95384,19,100
95386,19,100
95388,27,100
95389,16,100
95395,13,100
95397,21,100
95400,10,100
95401,19,100
95404,1,100
95406,24,100
95408,19,100
95409,5,100
95412,4,100
95413,0,100
95414,19,100
95415,3,100
95418,19,100
95419,25,100
95420,19,100
95421,21,100
95426,11,100
95427,19,100
95428,10,100
95429,19,100
95430,23,100
95434,25,100
95437,20,100
95440,20,100
95441,23,100
95442,10,100
95443,24,100
95444,10,100
95445,28,100
95446,14,100
95447,3,100
95448,25,100
95449,17,100
95451,23,100
95452,22,100
95453,3,100
95454,19,100
95455,25,100
95456,19,100
95458,19,100
95460,10,100
95461,12,100
95468,10,100
95471,31,100
95472,19,100
95473,25,100
95476,25,100
95480,3,100
95481,21,100
95482,27,100
95485,10,100
95487,10,100
95489,11,100
95490,10,100
95491,7,100
95496,25,100
95497,2,100
95498,10,100
95499,25,100
95500,14,100
95501,19,100
95502,19,100
95503,27,100
95507,25,100
95513,15,100
95515,11,100
95516,21,100
95517,7,100
95520,24,100
95521,25,100
95524,11,100
95525,13,100
95527,28,100
95529,25,100
95532,25,100
95534,21,100
95535,13,100
95536,13,100
95537,25,100
95539,25,100
95542,25,100
95544,27,100
95545,16,100
95546,25,100
95549,17,100
95550,25,100
95551,25,100
95552,25,100
95553,25,100
95555,24,100
95556,24,100
95557,13,100
95559,24,100
95563,25,100
95565,0,100
95568,16,100
95572,18,100
95573,25,100
95577,0,100
95578,0,100
95580,27,100
95585,28,100
95586,12,100
95587,22,100
95589,21,100
95590,28,100
95591,8,100
95593,14,100
95595,21,100
95597,18,100
95599,11,100
95600,13,100
95601,25,100
95602,7,100
95603,25,100
95604,25,100
95606,22,100
95607,25,100
95609,0,100
95610,0,100
95612,27,100
95614,20,100
95615,0,100
95618,19,100
95621,20,100
95623,15,100
95624,0,100
95628,10,100
95629,10,100
95631,14,100
95632,13,100
95633,22,100
95635,1,100
95636,22,100
95641,0,100
95644,0,100
95645,20,100
95646,18,100
95649,18,100
95650,18,100
95651,18,100
95652,1,100
95653,22,100
95654,19,100
95656,0,100
95657,3,100
95659,15,100
95663,22,100
95664,1,100
95666,25,100
95670,25,100
95675,18,100
95677,22,100
95678,22,100
95681,18,100
95683,18,100
95687,12,100
95692,1,100
95695,15,100
95697,22,100
95698,25,100
95700,25,100
95701,15,100
95704,6,100
95705,25,100
95706,18,100
95707,22,100
95710,18,100
95711,18,100
95713,18,100
95714,18,100
95715,24,100
95716,0,100
95717,1,100
95718,25,100
95720,8,100
95721,18,100
95724,18,100
95725,19,100
95728,22,100
95733,25,100
95734,21,100
95735,12,100
95736,8,100
95738,18,100
95739,18,100
95743,22,100
95744,26,100
95745,25,100
95749,2,100
95750,31,100
95751,18,100
95752,18,100
95753,5,100
95754,24,100
95759,31,100
95762,12,100
95764,18,100
95766,21,100
95767,12,100
95768,14,100
95769,14,100
95770,12,100
95772,24,100
95774,24,100
95775,13,100
95779,18,100
95780,24,100
95781,18,100
95783,12,100
95784,21,100
95786,4,100
95787,25,100
95789,22,100
95790,21,100
95791,18,100
95793,6,100
95799,18,100
95800,13,100
95801,21,100
95802,18,100
95803,21,100
95806,18,100
95808,24,100
95809,19,100
95810,25,100
95811,25,100
95812,7,100
95813,24,100
95814,7,100
95815,15,100
95817,25,100
95819,15,100
95820,25,100
95823,9,100
95825,13,100
95826,1,100
95828,4,100
95830,19,100
95835,13,100
95836,20,100
95837,20,100
95841,1,100
95845,18,100
95846,29,100
95849,12,100
95851,18,100
95852,21,100
95853,25,100
95856,25,100
95857,5,100
95858,28,100
95859,18,100
95861,24,100
95862,10,100
95864,18,100
95865,28,100
95867,18,100
95869,25,100
95870,18,100
95875,25,100
95880,18,100
95881,12,100
95884,25,100
95885,24,100
95886,21,100
95888,20,100
95891,8,100
95892,25,100
95896,13,100
95897,17,100
95899,17,100
95900,17,100
95901,17,100
95903,17,100
95906,17,100
95907,17,100
95908,14,100
95910,10,100
95911,6,100
95915,14,100
95916,5,100
95918,21,100
95921,10,100
95922,24,100
95926,17,100
95929,17,100
95930,21,100
95931,14,100
95935,24,100
95938,17,100
95943,28,100
95944,19,100
95945,20,100
95947,14,100
95949,17,100
95950,17,100
95951,7,100
95953,19,100
95955,15,100
95956,14,100
95959,4,100
95962,4,100
95963,24,100
95964,22,100
95965,21,100
95967,21,100
95968,7,100
95970,17,100
95972,1,100
95973,1,100
95976,15,100
95978,17,100
95979,11,100
95983,28,100
95985,7,100
95986,4,100
95987,14,100
95989,25,100
95992,25,100
95993,17,100
95995,7,100
95997,28,100
95999,1,100
96002,19,100
96007,15,100
96009,16,100
96010,19,100
96012,24,100
96014,25,100
96015,10,100
96017,17,100
96021,4,100
96022,14,100
96023,24,100
96024,25,100
96026,11,100
96027,17,100
96030,28,100
96031,25,100
96032,25,100
96035,14,100
96036,14,100
96037,24,100
96039,25,100
96043,7,100
96046,10,100
96048,10,100
96051,14,100
96054,19,100
96057,25,100
96058,25,100
96061,5,100
96062,24,100
96064,24,100
96065,13,100
96066,17,100
96067,10,100
96068,5,100
96070,1,100
96071,7,100
96072,4,100
96075,5,100
96078,17,100
96079,13,100
96080,28,100
96081,5,100
96083,21,100
96086,13,100
96088,17,100
96089,14,100
96091,24,100
96092,24,100
96093,17,100
96094,1,100
96095,13,100
96096,14,100
96097,21,100
96098,5,100
96100,5,100
96103,13,100
96105,20,100
96106,14,100
96108,13,100
96109,13,100
96112,13,100
96114,8,100
96115,1,100
96117,6,100
96118,7,100
96120,14,100
96124,5,100
96125,13,100
96128,1,100
96129,14,100
96132,14,100
96133,5,100
96137,21,100
96138,13,100
96139,29,100
96142,17,100
96144,17,100
96147,17,100
96148,17,100
96149,21,100
96150,14,100
96151,11,100
96152,17,100
96153,17,100
96154,28,100
96155,5,100
96156,17,100
96158,19,100
96161,20,100
96162,17,100
96163,21,100
96168,14,100
96169,23,100
96173,13,100
96177,29,100
96180,2,100
96181,21,100
96182,28,100
96184,14,100
96186,10,100
96187,25,100
96188,28,100
96189,21,100
96192,21,100
96193,10,100
96196,24,100
96199,28,100
96200,1,100
96201,21,100
96202,1,100
96204,11,100
96206,25,100
96207,19,100
96210,19,100
96213,31,100
96217,14,100
96219,15,100
96221,28,100
96222,7,100
96224,25,100
96226,14,100
96232,2,100
96234,6,100
96239,21,100
96243,14,100
96245,28,100
96246,10,100
96249,15,100
96251,25,100
96253,6,100
96254,20,100
96259,25,100
96260,1,100
96265,11,100
96267,8,100
96269,1,100
96270,24,100
96274,14,100
96275,25,100
96277,10,100
96279,7,100
96281,14,100
96284,10,100
96285,3,100
96286,21,100
96287,17,100
96288,3,100
96289,0,100
96291,3,100
96293,0,100
96295,16,100
96302,11,100
96307,4,100
96308,19,100
96310,3,100
96312,14,100
96313,10,100
96314,6,100
96316,6,100
96317,14,100
96318,22,100
96322,7,100
96323,22,100
96329,3,100
96330,20,100
96331,0,100
96332,0,100
96337,3,100
96338,28,100
96340,25,100
96344,24,100
96346,11,100
96351,17,100
96352,11,100
96357,21,100
96360,8,100
96361,22,100
96364,3,100
96367,6,100
96369,19,100
96370,24,100
96371,1,100
96372,0,100
96374,3,100
96377,10,100
96378,11,100
96381,1,100
96382,11,100
96383,11,100
96385,24,100
96387,6,100
96390,25,100
96391,19,100
96395,23,100
96397,3,100
96401,19,100
96403,3,100
96405,22,100
96407,10,100
96417,19,100
96418,0,100
96419,10,100
96420,3,100
96421,4,100
96422,22,100
96429,1,100
96436,19,100
96438,16,100
96439,1,100
96442,10,100
96444,11,100
96446,11,100
96449,25,100
96450,11,100
96451,1,100
96452,11,100
96453,10,100
96454,20,100
96455,24,100
96457,0,100
96460,16,100
96461,11,100
96462,13,100
96464,21,100
96466,26,100
96470,22,100
96471,22,100
96472,19,100
96474,27,100
96476,6,100
96477,11,100
96480,1,100
96482,31,100
96483,6,100
96484,31,100
96485,0,100
96486,10,100
96488,14,100
96489,28,100
96490,24,100
96491,11,100
96492,22,100
96493,1,100
96494,1,100
96498,1,100
96499,0,100
96503,16,100
96505,14,100
96508,31,100
96511,6,100
96513,12,100
96515,0,100
96516,31,100
96517,25,100
96518,25,100
96521,12,100
96522,20,100
96524,5,100
96525,29,100
96527,2,100
96529,13,100
96530,8,100
96533,13,100
96536,29,100
96537,4,100
96539,10,100
96540,19,100
96541,19,100
96542,14,100
96547,26,100
96548,30,100
96550,22,100
96554,10,100
96555,2,100
96557,19,100
96559,10,100
96560,18,100
96562,13,100
96563,20,100
96564,10,100
96565,29,100
96566,29,100
96567,13,100
96568,29,100
96571,15,100
96572,3,100
96575,0,100
96578,15,100
96579,0,100
96582,0,100
96583,10,100
96587,15,100
96588,22,100
96590,16,100
96591,15,100
96594,8,100
96600,22,100
96605,12,100
96608,8,100
96610,14,100
96611,6,100
96615,12,100
96617,29,100
96621,22,100
96624,20,100
96626,22,100
96627,18,100
96629,7,100
96630,15,100
96631,14,100
96634,22,100
96639,15,100
96640,26,100
96642,18,100
96643,14,100
96648,22,100
96649,12,100
96657,7,100
96660,15,100
96661,15,100
96662,0,100
96665,15,100
96667,4,100
96668,15,100
96670,24,100
96673,6,100
96675,15,100
96677,3,100
96678,0,100
96680,25,100
96683,16,100
96684,0,100
96685,3,100
96687,15,100
96688,22,100
96690,12,100
96692,0,100
96695,15,100
96697,1,100
96700,6,100
96702,18,100
96706,18,100
96711,8,100
96713,18,100
96716,8,100
96720,10,100
96723,13,100
96724,29,100
96727,18,100
96728,29,100
96729,10,100
96730,22,100
96733,8,100
96735,28,100
96738,7,100
96740,4,100
96741,22,100
96742,18,100
96746,7,100
96748,10,100
96750,22,100
96754,15,100
96757,3,100
96758,22,100
96761,15,100
96762,3,100
96768,10,100
96769,22,100
96775,0,100
96777,15,100
96778,3,100
96780,29,100
96781,0,100
96785,31,100
96789,25,100
96791,6,100
96792,11,100
96793,16,100
96794,11,100
96795,14,100
96797,19,100
96799,10,100
96803,18,100
96806,14,100
96810,13,100
96813,10,100
96814,8,100
96820,8,100
96829,3,100
96833,29,100
96838,0,100
96839,3,100
96840,0,100
96841,0,100
96844,22,100
96846,15,100
96847,15,100
96849,15,100
96850,12,100
96852,22,100
96853,7,100
96854,12,100
96860,2,100
96862,14,100
96864,22,100
96865,14,100
96868,8,100
96870,14,100
96871,25,100
96872,18,100
96873,10,100
96874,18,100
96875,12,100
96878,22,100
96881,22,100
96883,22,100
96884,13,100
96887,15,100
96888,0,100
96889,2,100
96890,0,100
96891,7,100
96896,22,100
96897,8,100
96900,12,100
96901,18,100
96902,22,100
96903,8,100
96904,6,100
96905,8,100
96908,22,100
96909,15,100
96912,8,100
96913,10,100
96915,30,100
96916,12,100
96919,1,100
96920,15,100
96922,1,100
96923,7,100
96926,3,100
96927,8,100
96928,18,100
96929,8,100
96932,20,100
96933,12,100
96935,30,100
96936,0,100
96939,1,100
96940,6,100
96943,12,100
96944,12,100
96945,22,100
96947,18,100
96948,18,100
96949,18,100
96952,12,100
96953,18,100
96954,1,100
96959,18,100
96961,18,100
96962,8,100
96963,18,100
96964,22,100
96970,18,100
96971,0,100
96975,3,100
96978,25,100
96981,25,100
96983,12,100
96984,18,100
96985,18,100
96986,18,100
96990,18,100
96991,18,100
96993,29,100
96994,18,100
96997,18,100
97003,15,100
97004,12,100
97006,12,100
97009,22,100
97011,22,100
97015,12,100
97020,22,100
97023,12,100
97024,12,100
97025,21,100
97026,22,100
97031,13,100
97032,13,100
97034,18,100
97035,24,100
97038,24,100
97040,1,100
97041,13,100
97042,1,100
97043,13,100
97044,13,100
97045,13,100
97046,1,100
97047,19,100
97052,1,100
97054,28,100
97055,13,100
97056,13,100
97057,24,100
97058,6,100
97061,13,100
97062,21,100
97071,31,100
97074,13,100
97075,13,100
97076,13,100
97078,14,100
97080,13,100
97081,13,100
97082,20,100
97085,18,100
97086,18,100
97087,12,100
97088,8,100
97089,21,100
97091,24,100
97096,3,100
97099,10,100
97104,13,100
97105,3,100
97106,15,100
97109,13,100
97110,24,100
97113,13,100
97115,13,100
97118,5,100
97119,13,100
97120,5,100
97123,13,100
97124,17,100
97126,20,100
97127,3,100
97128,15,100
97133,27,100
97137,10,100
97139,1,100
97140,31,100
97143,26,100
97144,24,100
97145,14,100
97146,21,100
97147,0,100
97148,12,100
97150,3,100
97152,15,100
97153,25,100
97157,7,100
97159,7,100
97169,0,100
97173,19,100
97174,31,100
97176,24,100
97179,19,100
97181,27,100
97184,24,100
97185,0,100
97191,4,100
97194,29,100
97195,24,100
97199,18,100
97200,19,100
97202,29,100
97204,27,100
97206,20,100
97207,10,100
97216,0,100
97218,4,100
97221,25,100
97222,7,100
97226,4,100
97228,0,100
97229,25,100
97230,27,100
97231,22,100
97235,12,100
97237,8,100
97238,0,100
97240,12,100
97242,18,100
97245,5,100
97246,5,100
97247,29,100
97248,29,100
97249,9,100
97251,9,100
97252,14,100
97253,10,100
97255,10,100
97257,10,100
97259,24,100
97261,29,100
97265,15,100
97266,7,100
97268,21,100
97270,15,100
97271,0,100
97274,3,100
97275,15,100
97278,12,100
97280,3,100
97281,24,100
97284,17,100
97285,29,100
97286,25,100
97287,10,100
97289,19,100
97292,1,100
97295,22,100
97296,1,100
97297,19,100
97298,20,100
97302,14,100
97303,0,100
97304,3,100
97305,10,100
97306,19,100
97308,0,100
97310,19,100
97311,25,100
97312,21,100
97313,14,100
97314,0,100
97316,15,100
97317,13,100
97318,25,100
97319,0,100
97325,27,100
97329,0,100
97331,25,100
97333,25,100
97336,11,100
97337,17,100
97342,11,100
97345,19,100
97346,29,100
97348,24,100
97350,11,100
97354,0,100
97357,19,100
97360,26,100
97362,6,100
97367,25,100
97369,24,100
97371,14,100
97372,24,100
97373,24,100
97377,6,100
97378,13,100
97380,21,100
97381,24,100
97383,24,100
97387,24,100
97392,24,100
97396,29,100
97397,24,100
97398,24,100
97403,13,100
97405,19,100
97407,13,100
97408,21,100
97409,13,100
97410,25,100
97411,13,100
97412,21,100
97413,21,100
97414,13,100
97415,7,100
97417,13,100
97420,13,100
97421,14,100
97424,13,100
97426,24,100
97427,4,100
97431,13,100
97433,1,100
97436,1,100
97437,4,100
97438,14,100
97440,3,100
97446,26,100
97447,21,100
97448,14,100
97449,13,100
97451,10,100
97457,20,100
97459,28,100
97463,22,100
97464,13,100
97465,10,100
97466,19,100
97467,0,100
97469,11,100
97471,16,100
97472,25,100
97475,22,100
97476,20,100
97477,22,100
97478,23,100
97479,4,100
97480,13,100
97481,7,100
97485,1,100
97486,8,100
97487,21,100
97488,13,100
97489,21,100
97491,4,100
97493,6,100
97494,8,100
97497,21,100
97498,13,100
97499,4,100
97500,20,100
97505,11,100
97506,25,100
97508,16,100
97509,22,100
97511,22,100
97512,4,100
97513,28,100
97514,21,100
97515,1,100
97519,22,100
97521,1,100
97525,20,100
97526,20,100
97527,10,100
97529,21,100
97533,19,100
97534,13,100
97535,15,100
97537,20,100
97539,21,100
97540,19,100
97541,13,100
97545,14,100
97546,0,100
97548,10,100
97549,19,100
97554,22,100
97555,1,100
97559,14,100
97561,24,100
97562,19,100
97564,8,100
97565,11,100
97566,19,100
97569,6,100
97570,0,100
97571,21,100
97572,19,100
97576,30,100
97578,12,100
97580,21,100
97587,27,100
97590,21,100
97593,1,100
97597,10,100
97598,19,100
97599,19,100
97600,19,100
97602,16,100
97603,11,100
97605,7,100
97607,1,100
97608,19,100
97609,19,100
97610,14,100
97611,19,100
97613,19,100
97614,27,100
97618,21,100
97619,19,100
97620,19,100
97622,21,100
97625,1,100
97626,19,100
97629,8,100
97630,19,100
97631,19,100
97632,0,100
97633,19,100
97634,15,100
97637,21,100
97638,11,100
97641,21,100
97642,21,100
97644,2,100
97645,21,100
97649,14,100
97652,14,100
97653,14,100
97656,13,100
97661,21,100
97665,23,100
97666,23,100
97667,23,100
97669,19,100
97671,17,100
97672,10,100
97676,3,100
97677,13,100
97678,10,100
97679,12,100
97681,14,100
97682,14,100
97683,20,100
97688,19,100
97689,6,100
97690,24,100
97693,22,100
97694,0,100
97697,16,100
97698,17,100
97699,14,100
97700,11,100
97704,14,100
97705,0,100
97706,19,100
97709,11,100
97710,6,100
97711,2,100
97712,19,100
97713,24,100
97715,5,100
97716,19,100
97718,5,100
97721,4,100
97722,3,100
97723,28,100
97725,30,100
97726,19,100
97729,8,100
97730,0,100
97732,11,100
97733,25,100
97734,11,100
97736,30,100
97739,31,100
97740,6,100
97743,21,100
97745,25,100
97748,21,100
97749,21,100
97752,18,100
97753,8,100
97754,21,100
97755,22,100
97756,0,100
97757,11,100
97760,11,100
97763,27,100
97766,15,100
97767,9,100
97769,9,100
97770,9,100
97773,7,100
97777,9,100
97779,14,100
97781,10,100
97783,29,100
97784,13,100
97790,18,100
97791,31,100
97792,18,100
97795,18,100
97797,13,100
97798,12,100
97799,22,100
97801,18,100
97808,18,100
97809,18,100
97810,4,100
97811,14,100
97817,12,100
97818,22,100
97824,12,100
97826,12,100
97830,13,100
97832,9,100
97837,18,100
97838,18,100
97840,18,100
97841,18,100
97845,21,100
97847,4,100
97848,6,100
97849,11,100
97850,19,100
97852,19,100
97863,29,100
97865,5,100
97866,5,100
97869,5,100
97870,24,100
97871,5,100
97873,5,100
97874,5,100
97875,4,100
97877,5,100
97878,5,100
97879,5,100
97880,10,100
97881,4,100
97884,1,100
97890,25,100
97894,24,100
97897,17,100
97901,17,100
97902,17,100
97903,1,100
97904,5,100
97905,17,100
97906,17,100
97907,17,100
97908,17,100
97909,17,100
97910,18,100
97913,17,100
97914,17,100
97916,10,100
97917,2,100
97926,25,100
97927,17,100
97929,6,100
97930,17,100
97932,17,100
97933,17,100
97940,8,100
97942,12,100
97946,17,100
97948,13,100
97952,31,100
97960,0,100
97961,28,100
97963,6,100
97964,20,100
97965,2,100
97967,14,100
97968,26,100
97969,20,100
97971,14,100
97972,3,100
97974,4,100
97976,17,100
97977,17,100
97979,15,100
97980,17,100
97982,31,100
97987,24,100
97989,18,100
97993,21,100
97994,6,100
97997,24,100
97998,19,100
97999,24,100
98002,26,100
98003,17,100
98005,17,100
98007,4,100
98011,31,100
98012,14,100
98014,10,100
98017,20,100
98020,4,100
98021,6,100
98022,4,100
98023,28,100
98027,21,100
98029,13,100
98030,21,100
98033,13,100
98035,29,100
98038,29,100
98040,29,100
98041,4,100
98042,14,100
98043,10,100
98045,20,100
98046,20,100
98047,6,100
98051,13,100
98055,8,100
98056,8,100
98059,13,100
98060,7,100
98063,26,100
98066,14,100
98067,14,100
98069,8,100
98070,22,100
98072,4,100
98076,22,100
98077,24,100
98080,21,100
98083,28,100
98084,28,100
98087,17,100
98088,8,100
98090,14,100
98091,29,100
98092,24,100
98093,7,100
98097,14,100
98100,14,100
98101,28,100
98105,17,100
98106,23,100
98109,21,100
98110,1,100
98111,1,100
98112,29,100
98113,6,100
98114,8,100
98117,6,100
98125,8,100
98126,7,100
98128,14,100
98133,15,100
98135,26,100
98137,4,100
98138,19,100
98139,4,100
98140,5,100
98143,15,100
98148,14,100
98149,6,100
98150,3,100
98157,8,100
98159,24,100
98160,8,100
98161,26,100
98163,14,100
98164,4,100
98166,22,100
98167,21,100
98170,24,100
98172,7,100
98174,3,100
98175,3,100
98176,21,100
98177,14,100
98179,6,100
98181,13,100
98182,7,100
98183,21,100
98185,3,100
98186,14,100
98188,5,100
98189,4,100
98190,4,100
98192,1,100
98193,14,100
98195,13,100
98196,1,100
98198,30,100
98200,6,100
98202,24,100
98203,31,100
98204,13,100
98205,13,100
98208,15,100
98212,28,100
98213,14,100
98219,27,100
98223,25,100
98224,31,100
98225,19,100
98227,6,100
98228,14,100
98229,8,100
98231,4,100
98233,29,100
98234,31,100
98235,8,100
98236,12,100
98237,20,100
98241,8,100
98244,25,100
98245,4,100
98248,6,100
98249,14,100
98252,14,100
98254,6,100
98255,10,100
98256,10,100
98257,28,100
98259,25,100
98260,17,100
98261,10,100
98263,1,100
98264,4,100
98266,25,100
98267,5,100
98271,25,100
98272,14,100
98275,8,100
98277,8,100
98279,4,100
98280,10,100
98281,8,100
98282,8,100
98284,25,100
98285,24,100
98286,28,100
98287,20,100
98290,24,100
98292,14,100
98295,31,100
98298,1,100
98301,14,100
98302,22,100
98305,10,100
98306,6,100
98307,29,100
98308,12,100
98309,31,100
98310,31,100
98312,6,100
98321,26,100
98325,31,100
98326,31,100
98329,7,100
98334,10,100
98335,12,100
98337,6,100
98340,8,100
98342,6,100
98346,7,100
98350,21,100
98351,7,100
98352,28,100
98353,29,100
98356,1,100
98357,15,100
98360,3,100
98361,10,100
98363,29,100
98364,28,100
98365,14,100
98367,14,100
98368,26,100
98369,10,100
98370,0,100
98371,19,100
98372,6,100
98376,27,100
98377,8,100
98379,31,100
98380,31,100
98381,19,100
98383,14,100
98385,25,100
98386,25,100
98388,4,100
98389,18,100
98391,25,100
98393,31,100
98394,8,100
98395,5,100
98397,29,100
98399,5,100
98403,5,100
98405,6,100
98406,28,100
98408,7,100
98410,31,100
98411,28,100
98415,1,100
98418,10,100
98422,7,100
98423,29,100
98424,26,100
98427,26,100
98429,11,100
98432,18,100
98433,25,100
98434,18,100
98436,3,100
98441,8,100
98442,3,100
98443,12,100
98444,20,100
98445,31,100
98447,26,100
98449,1,100
98451,15,100
98452,8,100
98453,14,100
98454,3,100
98457,14,100
98462,31,100
98463,3,100
98465,27,100
98466,16,100
98467,3,100
98468,26,100
98469,3,100
98471,4,100
98474,25,100
98475,8,100
98478,31,100
98480,25,100
98481,20,100
98482,17,100
98486,10,100
98489,1,100
98494,1,100
98497,8,100
98499,8,100
98500,6,100
98503,28,100
98504,23,100
98505,24,100
98507,20,100
98511,13,100
98513,22,100
98517,10,100
98518,26,100
98519,10,100
98520,7,100
98522,22,100
98527,7,100
98529,8,100
98530,4,100
98531,23,100
98534,31,100
98535,10,100
98538,6,100
98540,17,100
98541,4,100
98542,26,100
98544,11,100
98545,21,100
98546,7,100
98547,13,100
98548,8,100
98550,22,100
98551,19,100
98554,7,100
98555,15,100
98557,16,100
98558,19,100
98559,22,100
98562,6,100
98563,14,100
98564,21,100
98565,25,100
98566,25,100
98567,20,100
98568,21,100
98569,25,100
98572,31,100
98573,25,100
98574,31,100
98577,19,100
98580,8,100
98583,26,100
98584,21,100
98585,17,100
98587,12,100
98588,8,100
98590,14,100
98593,29,100
98597,28,100
98598,26,100
98600,20,100
98602,22,100
98604,14,100
98605,22,100
98606,31,100
98607,31,100
98608,31,100
98611,21,100
98613,8,100
98614,14,100
98616,6,100
98617,7,100
98623,22,100
98626,14,100
98628,21,100
98629,5,100
98631,10,100
98632,31,100
98634,5,100
98637,24,100
98638,14,100
98639,13,100
98640,8,100
98646,14,100
98647,22,100
98648,28,100
98650,10,100
98653,31,100
98654,22,100
98655,4,100
98658,4,100
98659,14,100
98665,5,100
98667,24,100
98670,6,100
98674,8,100
98675,26,100
98680,19,100
98682,0,100
98684,31,100
98687,16,100
98688,6,100
98690,4,100
98691,17,100
98692,20,100
98694,20,100
98695,19,100
98696,4,100
98700,31,100
98703,2,100
98707,24,100
98708,28,100
98710,24,100
98712,2,100
98715,17,100
98716,24,100
98718,5,100
98722,15,100
98727,25,100
98733,10,100
98734,6,100
98735,17,100
98739,0,100
98741,31,100
98742,23,100
98743,22,100
98745,27,100
98746,17,100
98747,31,100
98748,16,100
98750,19,100
98751,4,100
98754,15,100
98755,28,100
98762,14,100
98763,20,100
98765,14,100
98769,25,100
98772,22,100
98776,22,100
98780,28,100
98783,28,100
98784,19,100
98787,20,100
98788,20,100
98789,29,100
98792,31,100
98795,19,100
98798,10,100
98802,4,100
98803,26,100
98804,4,100
98807,26,100
98809,26,100
98812,22,100
98813,4,100
98814,24,100
98817,15,100
98819,7,100
98822,4,100
98824,17,100
98827,26,100
98828,31,100
98831,28,100
98835,10,100
98838,17,100
98840,14,100
98842,17,100
98845,17,100
98846,22,100
98847,3,100
98849,3,100
98851,17,100
98855,1,100
98858,15,100
98860,14,100
98861,5,100
98866,13,100
98868,13,100
98869,31,100
98870,5,100
98871,5,100
98873,5,100
98876,5,100
98880,5,100
98881,15,100
98882,10,100
98883,17,100
98885,30,100
98886,23,100
98888,23,100
98893,5,100
98898,26,100
98899,10,100
98902,25,100
98904,1,100
98907,28,100
98909,19,100
98913,22,100
98914,15,100
98915,25,100
98923,7,100
98926,3,100
98931,7,100
98932,3,100
98934,22,100
98939,16,100
98940,17,100
98942,25,100
98943,8,100
98944,4,100
98946,19,100
98947,24,100
98948,31,100
98949,19,100
98952,17,100
98953,17,100
98955,17,100
98958,17,100
98959,17,100
98960,17,100
98962,17,100
98963,25,100
98968,4,100
98970,17,100
98972,1,100
98973,22,100
98974,7,100
98975,3,100
98976,17,100
98978,17,100
98980,14,100
98981,1,100
98985,21,100
98987,17,100
98989,17,100
98991,17,100
98995,22,100
98999,1,100
99000,0,100
99002,7,100
99004,27,100
99008,17,100
99009,25,100
99010,15,100
99011,23,100
99012,25,100
99013,11,100
99014,25,100
99018,28,100
99021,25,100
99022,25,100
99023,0,100
99024,20,100
99025,3,100
99026,11,100
99028,0,100
99031,22,100
99033,25,100
99035,12,100
99038,29,100
99040,7,100
99041,29,100
99042,17,100
99043,28,100
99045,1,100
99047,17,100
99049,4,100
99051,15,100
99053,27,100
99054,16,100
99057,21,100
99058,25,100
99059,1,100
99061,20,100
99062,20,100
99063,1,100
99064,21,100
99066,10,100
99067,14,100
99068,8,100
99069,14,100
99070,6,100
99071,22,100
99072,22,100
99073,23,100
99075,24,100
99076,21,100
99077,21,100
99078,25,100
99080,22,100
99083,10,100
99084,5,100
99088,13,100
99089,19,100
99090,24,100
99091,4,100
99096,24,100
99098,3,100
99103,16,100
99106,10,100
99109,20,100
99110,28,100
99111,28,100
99113,31,100
99114,23,100
99116,7,100
99118,20,100
99120,11,100
99121,20,100
99125,3,100
99126,20,100
99127,27,100
99129,19,100
99131,20,100
99134,10,100
99135,4,100
99136,11,100
99137,4,100
99138,21,100
99139,13,100
99146,1,100
99148,12,100
99150,10,100
99151,26,100
99154,4,100
99155,11,100
99156,24,100
99160,6,100
99161,24,100
99163,3,100
99164,6,100
99167,27,100
99169,1,100
99170,21,100
99172,20,100
99173,22,100
99175,22,100
99176,26,100
99177,11,100
99178,22,100
99180,17,100
99181,17,100
99182,3,100
99184,0,100
99185,22,100
99187,24,100
99190,25,100
99191,1,100
99192,31,100
99193,22,100
99194,1,100
99195,6,100
99197,23,100
99200,25,100
99201,31,100
99202,22,100
99209,12,100
99210,28,100
99211,20,100
99215,22,100
99217,11,100
99218,0,100
99221,16,100
99222,24,100
99223,10,100
99224,28,100
99226,1,100
99228,1,100
99229,31,100
99230,14,100
99232,13,100
99234,20,100
99236,22,100
99238,27,100
99242,11,100
99243,12,100
99244,21,100
99249,5,100
99251,13,100
99254,27,100
99255,16,100
99263,16,100
99268,0,100
99270,27,100
99271,19,100
99272,0,100
99273,3,100
99274,25,100
99275,3,100
99276,24,100
99277,16,100
99279,1,100
99281,19,100
99284,25,100
99285,25,100
99286,10,100
99288,11,100
99289,25,100
99291,0,100
99297,1,100
99298,10,100
99302,14,100
99304,17,100
99305,11,100
99307,25,100
99308,3,100
99309,3,100
99310,27,100
99311,16,100
99315,21,100
99316,14,100
99317,21,100
99319,21,100
99321,21,100
99322,22,100
99323,21,100
99324,14,100
99327,11,100
99329,0,100
99335,0,100
99336,29,100
99342,31,100
99346,22,100
99348,22,100
99349,18,100
99351,28,100
99352,22,100
99353,0,100
99355,12,100
99356,12,100
99358,9,100
99359,18,100
99365,13,100
99366,20,100
99369,20,100
99371,31,100
99373,18,100
99384,12,100
99387,22,100
99390,30,100
99391,13,100
99392,13,100
99393,31,100
99394,22,100
99397,18,100
99400,19,100
99401,1,100
99403,14,100
99405,10,100
99412,21,100
99413,29,100
99415,20,100
99417,28,100
99420,12,100
99422,21,100
99428,25,100
99429,4,100
99430,25,100
99431,25,100
99432,2,100
99433,6,100
99434,28,100
99435,28,100
99438,31,100
99440,13,100
99446,29,100
99447,12,100
99449,31,100
99450,22,100
99451,0,100
99454,9,100
99455,9,100
99456,19,100
99459,12,100
99461,13,100
99462,13,100
99464,19,100
99465,19,100
99467,9,100
99469,9,100
99470,22,100
99471,9,100
99474,6,100
99475,19,100
99476,19,100
99477,25,100
99478,28,100
99480,5,100
99481,13,100
99488,5,100
99489,10,100
99496,18,100
99505,15,100
99513,10,100
99514,10,100
99516,22,100
99517,29,100
99518,18,100
99521,9,100
99524,7,100
99525,22,100
99526,14,100
99527,18,100
99528,13,100
99530,22,100
99531,22,100
99532,0,100
99536,31,100
99537,1,100
99538,12,100
99540,20,100
99543,2,100
99549,21,100
99550,18,100
99554,22,100
99563,23,100
99565,18,100
99566,22,100
99569,18,100
99574,18,100
99576,9,100
99577,13,100
99580,21,100
99582,9,100
99585,6,100
99586,21,100
99587,9,100
99590,9,100
99591,9,100
99593,19,100
99595,25,100
99596,19,100
99599,14,100
99601,21,100
99603,10,100
99605,24,100
99616,12,100
99620,6,100
99621,6,100
99623,21,100
99624,24,100
99625,13,100
99627,14,100
99630,26,100
99632,17,100
99635,17,100
99637,17,100
99638,17,100
99644,14,100
99646,24,100
99647,23,100
99650,17,100
99651,22,100
99652,10,100
99656,14,100
99658,10,100
99662,17,100
99664,29,100
99666,1,100
99667,4,100
99669,17,100
99673,17,100
99676,17,100
99677,7,100
99679,14,100
99681,17,100
99682,17,100
99688,13,100
99689,8,100
99690,8,100
99691,25,100
99693,14,100
99695,21,100
99696,21,100
99697,13,100
99698,8,100
99704,12,100
99706,17,100
99707,4,100
99708,10,100
99714,13,100
99715,6,100
99716,25,100
99718,24,100
99719,29,100
99720,14,100
99722,23,100
99724,11,100
99725,7,100
99727,19,100
99728,8,100
99729,18,100
99730,17,100
99734,6,100
99736,8,100
99737,17,100
99738,10,100
99739,13,100
99742,14,100
99743,14,100
99744,14,100
99745,13,100
99749,13,100
99750,29,100
99752,29,100
99753,4,100
99756,22,100
99758,29,100
99759,25,100
99760,4,100
99763,18,100
99764,28,100
99766,18,100
99767,17,100
99769,2,100
99770,14,100
99773,14,100
99776,6,100
99777,25,100
99778,25,100
99779,0,100
99782,27,100
99787,8,100
99791,8,100
99793,13,100
99794,17,100
99796,1,100
99797,1,100
99798,8,100
99801,31,100
99803,13,100
99805,25,100
99807,13,100
99809,19,100
99813,13,100
99814,8,100
99815,11,100
99816,17,100
99818,0,100
99820,27,100
99824,13,100
99825,31,100
99831,8,100
99835,24,100
99836,14,100
99837,8,100
99842,17,100
99843,5,100
99845,4,100
99846,13,100
99848,25,100
99852,31,100
99853,31,100
99854,1,100
99857,24,100
99858,24,100
99861,4,100
99863,13,100
99864,17,100
99866,29,100
99871,25,100
99872,10,100
99873,13,100
99874,4,100
99879,19,100
99881,12,100
99882,27,100
99883,4,100
99884,13,100
99885,24,100
99886,14,100
99892,6,100
99895,13,100
99897,12,100
99898,14,100
99899,13,100
99900,14,100
99903,29,100
99904,8,100
99906,13,100
99907,4,100
99911,4,100
99912,5,100
99913,13,100
99915,17,100
99916,2,100
99919,21,100
99920,24,100
99923,4,100
99924,21,100
99925,29,100
99927,6,100
99929,13,100
99930,22,100
99931,25,100
99932,22,100
99933,8,100
99935,22,100
99936,8,100
99937,12,100
99938,22,100
99940,25,100
99941,19,100
99943,10,100
99945,11,100
99947,13,100
99948,8,100
99950,20,100
99953,19,100
99954,19,100
99955,11,100
99956,3,100
99958,27,100
99960,16,100
99963,25,100
99965,19,100
99966,26,100
99967,25,100
99968,1,100
99970,26,100
99971,8,100
99974,8,100
99975,15,100
99978,24,100
99983,29,100
99984,28,100
99987,1,100
99991,23,100
99992,21,100
99993,25,100
99996,13,100
99999,4,100
